0,05:30:00,05:30:20,1,0,,0,0,0.0,1,0,shp_1_11,7.768
0,05:32:15,05:32:35,2,1,,0,0,893.313,1,0,shp_1_11,9.536
0,05:34:30,05:34:50,3,2,,0,0,1989.983,1,0,shp_1_11,10.710
0,05:37:00,05:37:20,4,3,,0,0,3382.236,1,0,shp_1_11,7.208
0,05:39:30,05:39:50,5,4,,0,0,4319.305,1,0,shp_1_11,8.534
0,05:41:55,05:42:15,6,5,,0,0,5385.995,1,0,shp_1_11,11.634
0,05:44:45,05:45:05,7,6,,0,0,7131.094,1,0,shp_1_11,11.484
0,05:48:30,05:48:50,8,7,,0,0,9485.339,1,0,shp_1_11,9.207
0,05:50:55,05:51:15,9,8,,0,0,10636.222,1,0,shp_1_11,8.136
0,05:53:10,05:53:30,10,9,,0,0,11571.9,1,0,shp_1_11,9.141
0,05:55:25,05:55:45,11,10,,0,0,12623.089,1,0,shp_1_11,9.831
0,05:58:20,05:58:40,12,11,,0,0,14146.841,1,0,shp_1_11,8.958
0,06:00:55,06:01:15,13,12,,0,0,15356.206,1,0,shp_1_11,10.346
0,06:03:15,06:03:35,14,13,,0,0,16597.744,1,0,shp_1_11,7.339
0,06:05:15,06:05:35,15,14,,0,0,17331.598,1,0,shp_1_11,10.566
0,06:07:55,06:08:15,16,15,,0,0,18810.783,1,0,shp_1_11,9.780
0,06:10:25,06:10:45,17,16,,0,0,20082.182,1,0,shp_1_11,8.211
0,06:12:45,06:13:05,18,17,,0,0,21067.463,1,0,shp_1_11,7.945
0,06:14:50,06:15:10,19,18,,0,0,21901.648,1,0,shp_1_11,9.833
0,06:17:20,06:17:40,20,19,,0,0,23179.994,1,0,shp_1_11,8.016
0,06:20:10,06:20:30,21,20,,0,0,24382.398,1,0,shp_1_11,0
1000,21:01:00,21:01:20,1,0,,0,0,0.0,1,1,shp_1_8,9.663
1000,21:03:26,21:03:46,232,1,,0,0,1217.521,1,1,shp_1_8,9.734
1000,21:05:56,21:06:16,231,2,,0,0,2482.977,1,1,shp_1_8,10.339
1000,21:08:16,21:08:36,230,3,,0,0,3723.674,1,1,shp_1_8,8.768
1000,21:10:38,21:10:58,229,4,,0,0,4793.406,1,1,shp_1_8,9.647
1000,21:13:14,21:13:34,228,5,,0,0,6105.448,1,1,shp_1_8,9.451
1000,21:14:59,21:15:19,227,6,,0,0,6908.757,1,1,shp_1_8,9.727
1000,21:17:52,21:18:12,226,7,,0,0,8396.959,1,1,shp_1_8,8.125
1000,21:20:05,21:20:25,225,8,,0,0,9315.054,1,1,shp_1_8,0
10000,22:00:00,22:00:20,22,0,,0,0,0.0,1,16,shp_1_29,28.922
10000,22:02:30,22:02:50,196,1,,0,0,3759.904,1,16,shp_1_29,2.523
10000,22:05:30,22:05:50,197,2,,0,0,4163.55,1,16,shp_1_29,9.806
10000,22:08:34,22:08:54,198,3,,0,0,5771.789,1,16,shp_1_29,9.406
10000,22:11:11,22:11:31,199,4,,0,0,7060.376,1,16,shp_1_29,9.266
10000,22:13:48,22:14:08,200,5,,0,0,8329.828,1,16,shp_1_29,9.831
10000,22:16:45,22:17:05,201,6,,0,0,9873.364,1,16,shp_1_29,9.952
10000,22:20:04,22:20:24,202,7,,0,0,11654.837,1,16,shp_1_29,0
10318,06:00:00,06:00:20,100,0,,0,0,0.0,1,17,shp_1_26,11.389
10318,06:02:00,06:02:20,35,1,,0,0,1138.856,1,17,shp_1_26,10.761
10318,06:05:25,06:05:45,34,2,,0,0,3129.73,1,17,shp_1_26,7.268
10318,06:07:50,06:08:10,33,3,,0,0,4038.284,1,17,shp_1_26,12.616
10318,06:10:30,06:10:50,32,4,,0,0,5804.543,1,17,shp_1_26,9.841
10318,06:12:40,06:13:00,31,5,,0,0,6887.09,1,17,shp_1_26,4.155
10318,06:15:00,06:15:20,30,6,,0,0,7385.682,1,17,shp_1_26,12.414
10318,06:16:40,06:17:00,29,7,,0,0,8378.771,1,17,shp_1_26,8.186
10318,06:18:55,06:19:15,28,8,,0,0,9320.195,1,17,shp_1_26,11.952
10318,06:21:10,06:21:30,27,9,,0,0,10694.65,1,17,shp_1_26,4.871
10318,06:23:05,06:23:25,26,10,,0,0,11157.398,1,17,shp_1_26,8.672
10318,06:25:10,06:25:30,25,11,,0,0,12067.981,1,17,shp_1_26,7.552
10318,06:27:20,06:27:40,24,12,,0,0,12898.712,1,17,shp_1_26,9.313
10318,06:29:49,06:30:09,23,13,,0,0,14100.081,1,17,shp_1_26,12.741
10318,06:32:09,06:32:29,22,14,,0,0,15629.0,1,17,shp_1_26,28.924
10318,06:34:39,06:34:59,196,15,,0,0,19389.082,1,17,shp_1_26,2.523
10318,06:37:39,06:37:59,197,16,,0,0,19792.729,1,17,shp_1_26,9.806
10318,06:40:43,06:41:03,198,17,,0,0,21400.969,1,17,shp_1_26,9.406
10318,06:43:20,06:43:40,199,18,,0,0,22689.557,1,17,shp_1_26,9.266
10318,06:45:57,06:46:17,200,19,,0,0,23959.01,1,17,shp_1_26,9.831
10318,06:48:54,06:49:14,201,20,,0,0,25502.547,1,17,shp_1_26,9.952
10318,06:52:13,06:52:33,202,21,,0,0,27284.018,1,17,shp_1_26,0
10648,06:00:00,06:00:20,13,0,,0,0,0.0,1,18,shp_1_21,6.655
10648,06:07:35,06:07:55,100,1,,0,0,2894.958,1,18,shp_1_21,11.389
10648,06:09:35,06:09:55,35,2,,0,0,4033.814,1,18,shp_1_21,10.761
10648,06:13:00,06:13:20,34,3,,0,0,6024.687,1,18,shp_1_21,7.268
10648,06:15:25,06:15:45,33,4,,0,0,6933.241,1,18,shp_1_21,12.616
10648,06:18:05,06:18:25,32,5,,0,0,8699.5,1,18,shp_1_21,9.841
10648,06:20:15,06:20:35,31,6,,0,0,9782.048,1,18,shp_1_21,4.155
10648,06:22:35,06:22:55,30,7,,0,0,10280.639,1,18,shp_1_21,12.414
10648,06:24:15,06:24:35,29,8,,0,0,11273.729,1,18,shp_1_21,8.186
10648,06:26:30,06:26:50,28,9,,0,0,12215.152,1,18,shp_1_21,11.952
10648,06:28:45,06:29:05,27,10,,0,0,13589.607,1,18,shp_1_21,4.871
10648,06:30:40,06:31:00,26,11,,0,0,14052.355,1,18,shp_1_21,8.672
10648,06:32:45,06:33:05,25,12,,0,0,14962.938,1,18,shp_1_21,7.552
10648,06:34:55,06:35:15,24,13,,0,0,15793.669,1,18,shp_1_21,9.313
10648,06:37:24,06:37:44,23,14,,0,0,16995.037,1,18,shp_1_21,12.741
10648,06:39:44,06:40:04,22,15,,0,0,18523.955,1,18,shp_1_21,28.924
10648,06:42:14,06:42:34,196,16,,0,0,22284.037,1,18,shp_1_21,2.523
10648,06:45:14,06:45:34,197,17,,0,0,22687.684,1,18,shp_1_21,9.806
10648,06:48:18,06:48:38,198,18,,0,0,24295.924,1,18,shp_1_21,9.406
10648,06:50:55,06:51:15,199,19,,0,0,25584.512,1,18,shp_1_21,9.266
10648,06:53:32,06:53:52,200,20,,0,0,26853.965,1,18,shp_1_21,9.831
10648,06:56:29,06:56:49,201,21,,0,0,28397.502,1,18,shp_1_21,9.952
10648,06:59:48,07:00:08,202,22,,0,0,30178.973,1,18,shp_1_21,0
10978,06:00:00,06:00:20,8,0,,0,0,0.0,1,19,shp_1_23,9.267
10978,06:03:09,06:03:29,160,1,,0,0,1566.138,1,19,shp_1_23,9.264
10978,06:05:02,06:05:22,159,2,,0,0,2427.68,1,19,shp_1_23,8.052
10978,06:07:41,06:08:01,158,3,,0,0,3546.894,1,19,shp_1_23,11.730
10978,06:09:59,06:10:19,122,4,,0,0,4930.995,1,19,shp_1_23,7.713
10978,06:12:04,06:12:24,92,5,,0,0,5740.811,1,19,shp_1_23,7.593
10978,06:15:43,06:16:03,123,6,,0,0,7251.771,1,19,shp_1_23,17.806
10978,06:17:26,06:17:46,52,7,,0,0,8729.656,1,19,shp_1_23,10.725
10978,06:21:18,06:21:38,124,8,,0,0,11003.411,1,19,shp_1_23,8.876
10978,06:24:15,06:24:35,125,9,,0,0,12396.869,1,19,shp_1_23,8.371
10978,06:26:42,06:27:02,126,10,,0,0,13459.947,1,19,shp_1_23,9.448
10978,06:29:39,06:29:59,127,11,,0,0,14943.316,1,19,shp_1_23,6.092
10978,06:31:59,06:32:19,128,12,,0,0,15674.398,1,19,shp_1_23,8.620
10978,06:34:40,06:35:00,129,13,,0,0,16889.789,1,19,shp_1_23,8.817
10978,06:37:19,06:37:39,130,14,,0,0,18115.332,1,19,shp_1_23,7.144
10978,06:39:38,06:39:58,131,15,,0,0,18965.473,1,19,shp_1_23,6.637
10978,06:41:56,06:42:16,132,16,,0,0,19748.596,1,19,shp_1_23,8.353
10978,06:45:11,06:45:31,133,17,,0,0,21210.395,1,19,shp_1_23,7.925
10978,06:47:53,06:48:13,134,18,,0,0,22335.684,1,19,shp_1_23,7.687
10978,06:50:35,06:50:55,135,19,,0,0,23427.25,1,19,shp_1_23,8.681
10978,06:53:10,06:53:30,136,20,,0,0,24599.238,1,19,shp_1_23,10.655
10978,06:56:42,06:57:02,137,21,,0,0,26644.961,1,19,shp_1_23,7.133
10978,06:59:27,06:59:47,138,22,,0,0,27679.309,1,19,shp_1_23,0
11723,05:18:28,05:18:48,138,0,,0,0,0.0,1,20,shp_1_2,10.366
11723,05:21:36,05:21:56,139,1,,0,0,1741.552,1,20,shp_1_2,10.357
11723,05:24:43,05:25:03,140,2,,0,0,3471.212,1,20,shp_1_2,13.590
11723,05:26:58,05:27:18,141,3,,0,0,5034.022,1,20,shp_1_2,7.911
11723,05:29:14,05:29:34,142,4,,0,0,5951.744,1,20,shp_1_2,14.850
11723,05:31:51,05:32:11,143,5,,0,0,7986.233,1,20,shp_1_2,8.917
11723,05:34:23,05:34:43,144,6,,0,0,9163.31,1,20,shp_1_2,10.112
11723,05:36:51,05:37:11,145,7,,0,0,10457.678,1,20,shp_1_2,13.795
11723,05:39:28,05:39:48,146,8,,0,0,12347.634,1,20,shp_1_2,15.924
11723,05:42:18,05:42:38,147,9,,0,0,14736.22,1,20,shp_1_2,14.495
11723,05:44:38,05:44:58,219,10,,0,0,16475.652,1,20,shp_1_2,6.210
11723,05:50:58,05:51:18,220,11,,0,0,18711.279,1,20,shp_1_2,0
12129,06:00:00,06:00:20,8,0,,0,0,0.0,1,21,shp_1_25,9.267
12129,06:03:09,06:03:29,160,1,,0,0,1566.138,1,21,shp_1_25,9.264
12129,06:05:02,06:05:22,159,2,,0,0,2427.68,1,21,shp_1_25,8.052
12129,06:07:41,06:08:01,158,3,,0,0,3546.894,1,21,shp_1_25,11.730
12129,06:09:59,06:10:19,122,4,,0,0,4930.995,1,21,shp_1_25,7.713
12129,06:12:04,06:12:24,92,5,,0,0,5740.811,1,21,shp_1_25,7.593
12129,06:15:43,06:16:03,123,6,,0,0,7251.771,1,21,shp_1_25,17.806
12129,06:17:26,06:17:46,52,7,,0,0,8729.656,1,21,shp_1_25,10.725
12129,06:21:18,06:21:38,124,8,,0,0,11003.411,1,21,shp_1_25,8.876
12129,06:24:15,06:24:35,125,9,,0,0,12396.869,1,21,shp_1_25,8.371
12129,06:26:42,06:27:02,126,10,,0,0,13459.947,1,21,shp_1_25,9.448
12129,06:29:39,06:29:59,127,11,,0,0,14943.316,1,21,shp_1_25,6.092
12129,06:31:59,06:32:19,128,12,,0,0,15674.398,1,21,shp_1_25,8.620
12129,06:34:40,06:35:00,129,13,,0,0,16889.789,1,21,shp_1_25,8.817
12129,06:37:19,06:37:39,130,14,,0,0,18115.332,1,21,shp_1_25,7.144
12129,06:39:38,06:39:58,131,15,,0,0,18965.473,1,21,shp_1_25,6.637
12129,06:41:56,06:42:16,132,16,,0,0,19748.596,1,21,shp_1_25,8.353
12129,06:45:11,06:45:31,133,17,,0,0,21210.395,1,21,shp_1_25,7.925
12129,06:47:53,06:48:13,134,18,,0,0,22335.684,1,21,shp_1_25,7.687
12129,06:50:35,06:50:55,135,19,,0,0,23427.25,1,21,shp_1_25,8.681
12129,06:53:10,06:53:30,136,20,,0,0,24599.238,1,21,shp_1_25,10.655
12129,06:56:42,06:57:02,137,21,,0,0,26644.961,1,21,shp_1_25,7.133
12129,06:59:27,06:59:47,138,22,,0,0,27679.309,1,21,shp_1_25,10.366
12129,07:02:35,07:02:55,139,23,,0,0,29420.859,1,21,shp_1_25,10.357
12129,07:05:42,07:06:02,140,24,,0,0,31150.52,1,21,shp_1_25,13.590
12129,07:07:57,07:08:17,141,25,,0,0,32713.33,1,21,shp_1_25,7.911
12129,07:10:13,07:10:33,142,26,,0,0,33631.051,1,21,shp_1_25,14.850
12129,07:12:50,07:13:10,143,27,,0,0,35665.539,1,21,shp_1_25,8.917
12129,07:15:22,07:15:42,144,28,,0,0,36842.609,1,21,shp_1_25,10.112
12129,07:17:50,07:18:10,145,29,,0,0,38136.977,1,21,shp_1_25,13.795
12129,07:20:27,07:20:47,146,30,,0,0,40026.934,1,21,shp_1_25,15.924
12129,07:23:17,07:23:37,147,31,,0,0,42415.52,1,21,shp_1_25,14.495
12129,07:25:37,07:25:57,219,32,,0,0,44154.949,1,21,shp_1_25,6.210
12129,07:31:57,07:32:17,220,33,,0,0,46390.578,1,21,shp_1_25,0
12507,06:00:00,06:00:20,173,0,,0,0,0.0,1,22,shp_1_36,8.731
12507,06:03:57,06:04:17,41,1,,0,0,1894.641,1,22,shp_1_36,9.532
12507,06:06:57,06:07:17,174,2,,0,0,3419.708,1,22,shp_1_36,9.698
12507,06:09:44,06:10:04,16,3,,0,0,4845.347,1,22,shp_1_36,8.298
12507,06:12:26,06:12:46,175,4,,0,0,6023.615,1,22,shp_1_36,8.731
12507,06:16:17,06:16:37,176,5,,0,0,7865.942,1,22,shp_1_36,12.087
12507,06:19:27,06:19:47,177,6,,0,0,9920.682,1,22,shp_1_36,9.515
12507,06:21:42,06:22:02,103,7,,0,0,11014.888,1,22,shp_1_36,8.626
12507,06:24:55,06:25:15,178,8,,0,0,12507.14,1,22,shp_1_36,8.909
12507,06:28:13,06:28:33,179,9,,0,0,14092.854,1,22,shp_1_36,10.512
12507,06:31:32,06:31:52,180,10,,0,0,15974.529,1,22,shp_1_36,12.439
12507,06:36:57,06:37:17,181,11,,0,0,19768.496,1,22,shp_1_36,9.703
12507,06:39:36,06:39:56,203,12,,0,0,21117.186,1,22,shp_1_36,10.553
12507,06:42:31,06:42:51,204,13,,0,0,22752.91,1,22,shp_1_36,0.000
12507,06:45:04,06:45:24,205,14,,0,0,22752.91,1,22,shp_1_36,17.779
12507,06:47:27,06:47:47,56,15,,0,0,24939.682,1,22,shp_1_36,9.664
12507,06:50:02,06:50:22,206,16,,0,0,26244.281,1,22,shp_1_36,7.488
12507,06:53:12,06:53:32,127,17,,0,0,27517.322,1,22,shp_1_36,10.062
12507,06:56:27,06:56:47,221,18,,0,0,29278.17,1,22,shp_1_36,7.538
12507,06:59:47,07:00:07,222,19,,0,0,30635.004,1,22,shp_1_36,8.566
12507,07:03:01,07:03:21,223,20,,0,0,32125.428,1,22,shp_1_36,13.535
12507,07:08:17,07:08:37,87,21,,0,0,36131.703,1,22,shp_1_36,7.699
12507,07:10:16,07:10:36,224,22,,0,0,36893.914,1,22,shp_1_36,12.346
12507,07:12:45,07:13:05,207,23,,0,0,38486.508,1,22,shp_1_36,7.649
12507,07:15:18,07:15:38,208,24,,0,0,39503.871,1,22,shp_1_36,6.977
12507,07:17:48,07:18:08,209,25,,0,0,40410.832,1,22,shp_1_36,8.301
12507,07:20:51,07:21:11,210,26,,0,0,41763.828,1,22,shp_1_36,8.507
12507,07:25:21,07:25:41,74,27,,0,0,43890.664,1,22,shp_1_36,9.330
12507,07:27:34,07:27:54,75,28,,0,0,44944.902,1,22,shp_1_36,6.924
12507,07:30:24,07:30:44,211,29,,0,0,45983.441,1,22,shp_1_36,9.018
12507,07:32:41,07:33:01,212,30,,0,0,47038.566,1,22,shp_1_36,8.596
12507,07:34:49,07:35:09,213,31,,0,0,47966.957,1,22,shp_1_36,7.777
12507,07:37:41,07:38:01,5,32,,0,0,49149.031,1,22,shp_1_36,10.107
12507,07:41:16,07:41:36,214,33,,0,0,51119.898,1,22,shp_1_36,7.458
12507,07:44:06,07:44:26,215,34,,0,0,52238.648,1,22,shp_1_36,0
13048,06:00:00,06:00:20,215,0,,0,0,0.0,1,23,shp_1_28,10.109
13048,06:02:30,06:02:50,216,1,,0,0,1314.147,1,23,shp_1_28,8.941
13048,06:05:14,06:05:34,217,2,,0,0,2601.702,1,23,shp_1_28,8.223
13048,06:07:30,06:07:50,218,3,,0,0,3555.586,1,23,shp_1_28,0
1314,05:25:02,05:25:22,21,0,,0,0,0.0,1,2,shp_1_46,8.016
1314,05:27:52,05:28:12,20,1,,0,0,1202.405,1,2,shp_1_46,9.833
1314,05:30:22,05:30:42,19,2,,0,0,2480.75,1,2,shp_1_46,7.945
1314,05:32:27,05:32:47,18,3,,0,0,3314.936,1,2,shp_1_46,8.211
1314,05:34:47,05:35:07,17,4,,0,0,4300.216,1,2,shp_1_46,9.780
1314,05:37:17,05:37:37,16,5,,0,0,5571.618,1,2,shp_1_46,10.566
1314,05:39:57,05:40:17,15,6,,0,0,7050.805,1,2,shp_1_46,7.339
1314,05:41:57,05:42:17,14,7,,0,0,7784.659,1,2,shp_1_46,10.346
1314,05:44:17,05:44:37,13,8,,0,0,9026.197,1,2,shp_1_46,8.958
1314,05:46:52,05:47:12,12,9,,0,0,10235.563,1,2,shp_1_46,9.831
1314,05:49:47,05:50:07,11,10,,0,0,11759.314,1,2,shp_1_46,9.141
1314,05:52:02,05:52:22,10,11,,0,0,12810.503,1,2,shp_1_46,8.136
1314,05:54:17,05:54:37,9,12,,0,0,13746.182,1,2,shp_1_46,9.207
1314,05:56:42,05:57:02,8,13,,0,0,14897.064,1,2,shp_1_46,11.484
1314,06:00:27,06:00:47,7,14,,0,0,17251.309,1,2,shp_1_46,11.634
1314,06:03:17,06:03:37,6,15,,0,0,18996.408,1,2,shp_1_46,8.534
1314,06:05:42,06:06:02,5,16,,0,0,20063.098,1,2,shp_1_46,7.208
1314,06:08:12,06:08:32,4,17,,0,0,21000.166,1,2,shp_1_46,10.710
1314,06:10:42,06:11:02,3,18,,0,0,22392.42,1,2,shp_1_46,9.536
1314,06:12:57,06:13:17,2,19,,0,0,23489.09,1,2,shp_1_46,7.768
1314,06:15:12,06:15:32,1,20,,0,0,24382.402,1,2,shp_1_46,9.663
1314,06:17:38,06:17:58,232,21,,0,0,25599.926,1,2,shp_1_46,9.734
1314,06:20:08,06:20:28,231,22,,0,0,26865.381,1,2,shp_1_46,10.339
1314,06:22:28,06:22:48,230,23,,0,0,28106.078,1,2,shp_1_46,8.768
1314,06:24:50,06:25:10,229,24,,0,0,29175.811,1,2,shp_1_46,9.647
1314,06:27:26,06:27:46,228,25,,0,0,30487.852,1,2,shp_1_46,9.451
1314,06:29:11,06:29:31,227,26,,0,0,31291.16,1,2,shp_1_46,9.727
1314,06:32:04,06:32:24,226,27,,0,0,32779.359,1,2,shp_1_46,8.125
1314,06:34:17,06:34:37,225,28,,0,0,33697.449,1,2,shp_1_46,0
13508,06:00:00,06:00:20,173,0,,0,0,0.0,1,24,shp_1_37,8.731
13508,06:03:57,06:04:17,41,1,,0,0,1894.641,1,24,shp_1_37,9.532
13508,06:06:57,06:07:17,174,2,,0,0,3419.708,1,24,shp_1_37,9.698
13508,06:09:44,06:10:04,16,3,,0,0,4845.347,1,24,shp_1_37,8.298
13508,06:12:26,06:12:46,175,4,,0,0,6023.615,1,24,shp_1_37,8.731
13508,06:16:17,06:16:37,176,5,,0,0,7865.942,1,24,shp_1_37,12.087
13508,06:19:27,06:19:47,177,6,,0,0,9920.682,1,24,shp_1_37,9.515
13508,06:21:42,06:22:02,103,7,,0,0,11014.888,1,24,shp_1_37,8.626
13508,06:24:55,06:25:15,178,8,,0,0,12507.14,1,24,shp_1_37,8.909
13508,06:28:13,06:28:33,179,9,,0,0,14092.854,1,24,shp_1_37,10.512
13508,06:31:32,06:31:52,180,10,,0,0,15974.529,1,24,shp_1_37,12.439
13508,06:36:57,06:37:17,181,11,,0,0,19768.496,1,24,shp_1_37,9.703
13508,06:39:36,06:39:56,203,12,,0,0,21117.186,1,24,shp_1_37,10.553
13508,06:42:31,06:42:51,204,13,,0,0,22752.91,1,24,shp_1_37,0.000
13508,06:45:04,06:45:24,205,14,,0,0,22752.91,1,24,shp_1_37,17.779
13508,06:47:27,06:47:47,56,15,,0,0,24939.682,1,24,shp_1_37,9.664
13508,06:50:02,06:50:22,206,16,,0,0,26244.281,1,24,shp_1_37,7.488
13508,06:53:12,06:53:32,127,17,,0,0,27517.322,1,24,shp_1_37,10.062
13508,06:56:27,06:56:47,221,18,,0,0,29278.17,1,24,shp_1_37,7.538
13508,06:59:47,07:00:07,222,19,,0,0,30635.004,1,24,shp_1_37,8.566
13508,07:03:01,07:03:21,223,20,,0,0,32125.428,1,24,shp_1_37,13.535
13508,07:08:17,07:08:37,87,21,,0,0,36131.703,1,24,shp_1_37,7.699
13508,07:10:16,07:10:36,224,22,,0,0,36893.914,1,24,shp_1_37,12.346
13508,07:12:45,07:13:05,207,23,,0,0,38486.508,1,24,shp_1_37,7.649
13508,07:15:18,07:15:38,208,24,,0,0,39503.871,1,24,shp_1_37,6.977
13508,07:17:48,07:18:08,209,25,,0,0,40410.832,1,24,shp_1_37,8.301
13508,07:20:51,07:21:11,210,26,,0,0,41763.828,1,24,shp_1_37,8.507
13508,07:25:21,07:25:41,74,27,,0,0,43890.664,1,24,shp_1_37,9.330
13508,07:27:34,07:27:54,75,28,,0,0,44944.902,1,24,shp_1_37,6.924
13508,07:30:24,07:30:44,211,29,,0,0,45983.441,1,24,shp_1_37,9.018
13508,07:32:41,07:33:01,212,30,,0,0,47038.566,1,24,shp_1_37,8.596
13508,07:34:49,07:35:09,213,31,,0,0,47966.957,1,24,shp_1_37,7.777
13508,07:37:41,07:38:01,5,32,,0,0,49149.031,1,24,shp_1_37,10.107
13508,07:41:16,07:41:36,214,33,,0,0,51119.898,1,24,shp_1_37,7.458
13508,07:44:06,07:44:26,215,34,,0,0,52238.648,1,24,shp_1_37,10.115
13508,07:46:36,07:46:56,216,35,,0,0,53553.586,1,24,shp_1_37,8.904
13508,07:49:20,07:49:40,217,36,,0,0,54835.777,1,24,shp_1_37,8.235
13508,07:51:36,07:51:56,218,37,,0,0,55790.984,1,24,shp_1_37,0
13932,05:10:45,05:11:05,108,0,,0,0,0.0,1,25,shp_1_24,10.936
13932,05:13:40,05:14:00,195,1,,0,0,1695.143,1,25,shp_1_24,9.788
13932,05:16:41,05:17:01,194,2,,0,0,3271.035,1,25,shp_1_24,11.239
13932,05:19:14,05:19:34,193,3,,0,0,4765.819,1,25,shp_1_24,14.421
13932,05:23:08,05:23:28,192,4,,0,0,7851.884,1,25,shp_1_24,12.017
13932,05:26:22,05:26:42,191,5,,0,0,9942.766,1,25,shp_1_24,11.240
13932,05:29:47,05:30:07,190,6,,0,0,12022.11,1,25,shp_1_24,12.324
13932,05:32:55,05:33:15,189,7,,0,0,14092.587,1,25,shp_1_24,8.740
13932,05:35:47,05:36:07,188,8,,0,0,15421.022,1,25,shp_1_24,9.605
13932,05:38:27,05:38:47,187,9,,0,0,16765.775,1,25,shp_1_24,9.384
13932,05:40:35,05:40:55,186,10,,0,0,17779.268,1,25,shp_1_24,11.171
13932,05:42:49,05:43:09,59,11,,0,0,19052.762,1,25,shp_1_24,9.489
13932,05:45:38,05:45:58,185,12,,0,0,20466.66,1,25,shp_1_24,8.793
13932,05:47:42,05:48:02,184,13,,0,0,21381.131,1,25,shp_1_24,7.866
13932,05:49:47,05:50:07,183,14,,0,0,22207.088,1,25,shp_1_24,9.777
13932,05:52:26,05:52:46,182,15,,0,0,23566.123,1,25,shp_1_24,8.657
13932,05:54:22,05:54:42,131,16,,0,0,24397.234,1,25,shp_1_24,6.779
13932,05:56:39,05:56:59,167,17,,0,0,25190.414,1,25,shp_1_24,8.335
13932,05:59:17,05:59:37,166,18,,0,0,26340.633,1,25,shp_1_24,8.049
13932,06:02:10,06:02:30,165,19,,0,0,27572.074,1,25,shp_1_24,6.422
13932,06:04:57,06:05:17,164,20,,0,0,28516.148,1,25,shp_1_24,10.141
13932,06:08:18,06:08:38,163,21,,0,0,30351.643,1,25,shp_1_24,10.438
13932,06:11:50,06:12:10,162,22,,0,0,32355.707,1,25,shp_1_24,10.229
13932,06:14:45,06:15:05,161,23,,0,0,33941.238,1,25,shp_1_24,9.450
13932,06:18:37,06:18:57,81,24,,0,0,35944.73,1,25,shp_1_24,0
14483,06:00:00,06:00:20,113,0,,0,0,0.0,1,26,shp_1_12,12.165
14483,06:02:36,06:02:56,239,1,,0,0,1654.505,1,26,shp_1_12,9.959
14483,06:07:00,06:07:20,240,2,,0,0,4084.604,1,26,shp_1_12,0
14711,06:00:00,06:00:20,121,0,,0,0,0.0,1,27,shp_1_15,12.924
14711,06:04:21,06:04:41,154,1,,0,0,3114.793,1,27,shp_1_15,9.003
14711,06:10:46,06:11:06,155,2,,0,0,6400.838,1,27,shp_1_15,17.218
14711,06:17:49,06:18:09,156,3,,0,0,13339.684,1,27,shp_1_15,17.289
14711,06:24:26,06:24:46,157,4,,0,0,19857.766,1,27,shp_1_15,11.853
14711,06:27:46,06:28:06,49,5,,0,0,21991.313,1,27,shp_1_15,0
15020,06:00:00,06:00:20,172,0,,0,0,0.0,1,28,shp_1_47,5.959
15020,06:03:20,06:03:40,171,1,,0,0,1072.643,1,28,shp_1_47,8.565
15020,06:06:40,06:07:00,170,2,,0,0,2614.284,1,28,shp_1_47,7.057
15020,06:10:00,06:10:20,169,3,,0,0,3884.568,1,28,shp_1_47,8.543
15020,06:13:20,06:13:40,168,4,,0,0,5422.354,1,28,shp_1_47,8.425
15020,06:15:40,06:16:00,68,5,,0,0,6433.368,1,28,shp_1_47,0.000
15020,06:18:00,06:18:20,148,6,,0,0,6433.368,1,28,shp_1_47,2.470
15020,06:24:20,06:24:40,149,7,,0,0,7322.645,1,28,shp_1_47,0.886
15020,06:36:40,06:37:00,150,8,,0,0,7960.64,1,28,shp_1_47,2.317
15020,06:43:00,06:43:20,151,9,,0,0,8794.88,1,28,shp_1_47,0.938
15020,06:55:20,06:55:40,152,10,,0,0,9470.446,1,28,shp_1_47,1.326
15020,07:07:40,07:08:00,153,11,,0,0,10425.216,1,28,shp_1_47,0
15590,05:25:02,05:25:22,21,0,,0,0,0.0,1,29,shp_1_42,8.016
15590,05:27:52,05:28:12,20,1,,0,0,1202.405,1,29,shp_1_42,9.833
15590,05:30:22,05:30:42,19,2,,0,0,2480.75,1,29,shp_1_42,7.945
15590,05:32:27,05:32:47,18,3,,0,0,3314.936,1,29,shp_1_42,8.211
15590,05:34:47,05:35:07,17,4,,0,0,4300.216,1,29,shp_1_42,9.780
15590,05:37:17,05:37:37,16,5,,0,0,5571.618,1,29,shp_1_42,10.566
15590,05:39:57,05:40:17,15,6,,0,0,7050.805,1,29,shp_1_42,7.339
15590,05:41:57,05:42:17,14,7,,0,0,7784.659,1,29,shp_1_42,10.346
15590,05:44:17,05:44:37,13,8,,0,0,9026.197,1,29,shp_1_42,8.958
15590,05:46:52,05:47:12,12,9,,0,0,10235.563,1,29,shp_1_42,9.831
15590,05:49:47,05:50:07,11,10,,0,0,11759.314,1,29,shp_1_42,9.141
15590,05:52:02,05:52:22,10,11,,0,0,12810.503,1,29,shp_1_42,8.136
15590,05:54:17,05:54:37,9,12,,0,0,13746.182,1,29,shp_1_42,9.207
15590,05:56:42,05:57:02,8,13,,0,0,14897.064,1,29,shp_1_42,11.484
15590,06:00:27,06:00:47,7,14,,0,0,17251.309,1,29,shp_1_42,11.634
15590,06:03:17,06:03:37,6,15,,0,0,18996.408,1,29,shp_1_42,8.534
15590,06:05:42,06:06:02,5,16,,0,0,20063.098,1,29,shp_1_42,7.208
15590,06:08:12,06:08:32,4,17,,0,0,21000.166,1,29,shp_1_42,10.710
15590,06:10:42,06:11:02,3,18,,0,0,22392.42,1,29,shp_1_42,9.536
15590,06:12:57,06:13:17,2,19,,0,0,23489.09,1,29,shp_1_42,7.768
15590,06:15:12,06:15:32,1,20,,0,0,24382.402,1,29,shp_1_42,0
16467,05:30:02,05:30:22,225,0,,0,0,0.0,1,30,shp_1_48,8.125
16467,05:32:15,05:32:35,226,1,,0,0,918.096,1,30,shp_1_48,9.727
16467,05:35:08,05:35:28,227,2,,0,0,2406.297,1,30,shp_1_48,9.451
16467,05:36:53,05:37:13,228,3,,0,0,3209.606,1,30,shp_1_48,9.647
16467,05:39:29,05:39:49,229,4,,0,0,4521.649,1,30,shp_1_48,8.768
16467,05:41:51,05:42:11,230,5,,0,0,5591.381,1,30,shp_1_48,10.339
16467,05:44:11,05:44:31,231,6,,0,0,6832.078,1,30,shp_1_48,9.734
16467,05:46:41,05:47:01,232,7,,0,0,8097.534,1,30,shp_1_48,9.663
16467,05:49:07,05:49:27,1,8,,0,0,9315.055,1,30,shp_1_48,0
16893,05:30:02,05:30:22,225,0,,0,0,0.0,1,31,shp_1_50,8.125
16893,05:32:15,05:32:35,226,1,,0,0,918.096,1,31,shp_1_50,9.727
16893,05:35:08,05:35:28,227,2,,0,0,2406.297,1,31,shp_1_50,9.451
16893,05:36:53,05:37:13,228,3,,0,0,3209.606,1,31,shp_1_50,9.647
16893,05:39:29,05:39:49,229,4,,0,0,4521.649,1,31,shp_1_50,8.768
16893,05:41:51,05:42:11,230,5,,0,0,5591.381,1,31,shp_1_50,10.339
16893,05:44:11,05:44:31,231,6,,0,0,6832.078,1,31,shp_1_50,9.734
16893,05:46:41,05:47:01,232,7,,0,0,8097.534,1,31,shp_1_50,9.663
16893,05:49:07,05:49:27,1,8,,0,0,9315.055,1,31,shp_1_50,7.768
16893,05:51:22,05:51:42,2,9,,0,0,10208.368,1,31,shp_1_50,9.536
16893,05:53:37,05:53:57,3,10,,0,0,11305.037,1,31,shp_1_50,10.710
16893,05:56:07,05:56:27,4,11,,0,0,12697.291,1,31,shp_1_50,7.208
16893,05:58:37,05:58:57,5,12,,0,0,13634.359,1,31,shp_1_50,8.534
16893,06:01:02,06:01:22,6,13,,0,0,14701.05,1,31,shp_1_50,11.634
16893,06:03:52,06:04:12,7,14,,0,0,16446.148,1,31,shp_1_50,11.484
16893,06:07:37,06:07:57,8,15,,0,0,18800.391,1,31,shp_1_50,9.207
16893,06:10:02,06:10:22,9,16,,0,0,19951.27,1,31,shp_1_50,8.136
16893,06:12:17,06:12:37,10,17,,0,0,20886.945,1,31,shp_1_50,9.141
16893,06:14:32,06:14:52,11,18,,0,0,21938.135,1,31,shp_1_50,9.831
16893,06:17:27,06:17:47,12,19,,0,0,23461.887,1,31,shp_1_50,8.958
16893,06:20:02,06:20:22,13,20,,0,0,24671.256,1,31,shp_1_50,10.346
16893,06:22:22,06:22:42,14,21,,0,0,25912.795,1,31,shp_1_50,7.339
16893,06:24:22,06:24:42,15,22,,0,0,26646.648,1,31,shp_1_50,10.566
16893,06:27:02,06:27:22,16,23,,0,0,28125.834,1,31,shp_1_50,9.780
16893,06:29:32,06:29:52,17,24,,0,0,29397.232,1,31,shp_1_50,8.211
16893,06:31:52,06:32:12,18,25,,0,0,30382.514,1,31,shp_1_50,7.945
16893,06:33:57,06:34:17,19,26,,0,0,31216.699,1,31,shp_1_50,9.833
16893,06:36:27,06:36:47,20,27,,0,0,32495.045,1,31,shp_1_50,8.016
16893,06:39:17,06:39:37,21,28,,0,0,33697.449,1,31,shp_1_50,0
17319,05:52:08,05:52:28,44,0,,0,0,0.0,1,32,shp_1_52,5.571
17319,05:54:24,05:54:44,43,1,,0,0,646.179,1,32,shp_1_52,11.021
17319,05:56:48,05:57:08,42,2,,0,0,2012.812,1,32,shp_1_52,10.693
17319,05:59:21,05:59:41,41,3,,0,0,3434.981,1,32,shp_1_52,22.375
17319,06:01:56,06:02:16,40,4,,0,0,6455.636,1,32,shp_1_52,54.496
17319,06:04:29,06:04:49,39,5,,0,0,13703.648,1,32,shp_1_52,11.993
17319,06:06:55,06:07:15,38,6,,0,0,15214.749,1,32,shp_1_52,15.785
17319,06:10:11,06:10:31,37,7,,0,0,17992.906,1,32,shp_1_52,8.486
17319,06:12:42,06:13:02,36,8,,0,0,19104.512,1,32,shp_1_52,0
1755,05:50:00,05:50:20,36,0,,0,0,0.0,1,3,shp_1_45,8.486
1755,05:52:31,05:52:51,37,1,,0,0,1111.605,1,3,shp_1_45,15.785
1755,05:55:47,05:56:07,38,2,,0,0,3889.762,1,3,shp_1_45,11.993
1755,05:58:13,05:58:33,39,3,,0,0,5400.863,1,3,shp_1_45,45.497
1755,06:00:46,06:01:06,40,4,,0,0,11451.982,1,3,shp_1_45,31.241
1755,06:03:21,06:03:41,41,5,,0,0,15669.532,1,3,shp_1_45,10.693
1755,06:05:54,06:06:14,42,6,,0,0,17091.699,1,3,shp_1_45,11.021
1755,06:08:18,06:08:38,43,7,,0,0,18458.332,1,3,shp_1_45,5.571
1755,06:10:34,06:10:54,44,8,,0,0,19104.512,1,3,shp_1_45,0
17910,06:00:00,06:00:20,71,0,,0,0,0.0,1,33,shp_1_17,12.386
17910,06:02:20,06:02:40,70,1,,0,0,1486.327,1,33,shp_1_17,9.850
17910,06:05:00,06:05:20,69,2,,0,0,2865.382,1,33,shp_1_17,10.262
17910,06:07:27,06:07:47,68,3,,0,0,4168.627,1,33,shp_1_17,8.623
17910,06:09:33,06:09:53,67,4,,0,0,5082.687,1,33,shp_1_17,12.660
17910,06:13:09,06:13:29,66,5,,0,0,7563.971,1,33,shp_1_17,14.107
17910,06:16:43,06:17:03,65,6,,0,0,10300.718,1,33,shp_1_17,10.510
17910,06:19:10,06:19:30,64,7,,0,0,11635.428,1,33,shp_1_17,10.489
17910,06:22:01,06:22:21,63,8,,0,0,13219.269,1,33,shp_1_17,9.479
17910,06:24:39,06:24:59,62,9,,0,0,14527.313,1,33,shp_1_17,0
18631,06:00:00,06:00:20,44,0,,0,0,0.0,1,34,shp_1_49,8.891
18631,06:02:32,06:02:52,45,1,,0,0,1173.592,1,34,shp_1_49,10.605
18631,06:04:53,06:05:13,46,2,,0,0,2456.752,1,34,shp_1_49,8.381
18631,06:07:23,06:07:43,8,3,,0,0,3546.301,1,34,shp_1_49,9.680
18631,06:09:59,06:10:19,47,4,,0,0,4862.778,1,34,shp_1_49,6.263
18631,06:12:31,06:12:51,48,5,,0,0,5689.49,1,34,shp_1_49,7.068
18631,06:14:36,06:14:56,49,6,,0,0,6431.626,1,34,shp_1_49,8.255
18631,06:17:26,06:17:46,50,7,,0,0,7669.803,1,34,shp_1_49,9.205
18631,06:19:59,06:20:19,51,8,,0,0,8894.095,1,34,shp_1_49,7.601
18631,06:22:08,06:22:28,52,9,,0,0,9722.574,1,34,shp_1_49,5.767
18631,06:24:00,06:24:20,53,10,,0,0,10253.13,1,34,shp_1_49,12.073
18631,06:26:31,06:26:51,54,11,,0,0,11834.637,1,34,shp_1_49,8.930
18631,06:28:59,06:29:19,55,12,,0,0,12977.652,1,34,shp_1_49,10.810
18631,06:31:27,06:31:47,56,13,,0,0,14361.319,1,34,shp_1_49,7.013
18631,06:33:40,06:34:00,57,14,,0,0,15153.836,1,34,shp_1_49,7.813
18631,06:36:00,06:36:20,58,15,,0,0,16091.35,1,34,shp_1_49,10.740
18631,06:39:04,06:39:24,59,16,,0,0,17852.727,1,34,shp_1_49,10.366
18631,06:42:10,06:42:30,60,17,,0,0,19573.459,1,34,shp_1_49,5.757
18631,06:45:37,06:45:57,61,18,,0,0,20650.084,1,34,shp_1_49,9.388
18631,06:48:47,06:49:07,62,19,,0,0,22246.105,1,34,shp_1_49,0
19701,05:45:00,05:45:20,71,0,,0,0,0.0,1,35,shp_1_20,12.386
19701,05:47:20,05:47:40,70,1,,0,0,1486.327,1,35,shp_1_20,9.850
19701,05:50:00,05:50:20,69,2,,0,0,2865.382,1,35,shp_1_20,10.262
19701,05:52:27,05:52:47,68,3,,0,0,4168.627,1,35,shp_1_20,8.623
19701,05:54:33,05:54:53,67,4,,0,0,5082.687,1,35,shp_1_20,12.660
19701,05:58:09,05:58:29,66,5,,0,0,7563.971,1,35,shp_1_20,14.107
19701,06:01:43,06:02:03,65,6,,0,0,10300.718,1,35,shp_1_20,10.510
19701,06:04:10,06:04:30,64,7,,0,0,11635.428,1,35,shp_1_20,10.489
19701,06:07:01,06:07:21,63,8,,0,0,13219.269,1,35,shp_1_20,9.479
19701,06:09:39,06:09:59,62,9,,0,0,14527.313,1,35,shp_1_20,9.388
19701,06:12:49,06:13:09,61,10,,0,0,16123.336,1,35,shp_1_20,5.757
19701,06:16:16,06:16:36,60,11,,0,0,17199.961,1,35,shp_1_20,10.366
19701,06:19:22,06:19:42,59,12,,0,0,18920.693,1,35,shp_1_20,10.740
19701,06:22:26,06:22:46,58,13,,0,0,20682.072,1,35,shp_1_20,7.813
19701,06:24:46,06:25:06,57,14,,0,0,21619.586,1,35,shp_1_20,7.013
19701,06:26:59,06:27:19,56,15,,0,0,22412.102,1,35,shp_1_20,10.810
19701,06:29:27,06:29:47,55,16,,0,0,23795.77,1,35,shp_1_20,8.930
19701,06:31:55,06:32:15,54,17,,0,0,24938.787,1,35,shp_1_20,12.073
19701,06:34:26,06:34:46,53,18,,0,0,26520.295,1,35,shp_1_20,5.767
19701,06:36:18,06:36:38,52,19,,0,0,27050.852,1,35,shp_1_20,7.601
19701,06:38:27,06:38:47,51,20,,0,0,27879.332,1,35,shp_1_20,9.205
19701,06:41:00,06:41:20,50,21,,0,0,29103.625,1,35,shp_1_20,8.255
19701,06:43:50,06:44:10,49,22,,0,0,30341.805,1,35,shp_1_20,7.068
19701,06:45:55,06:46:15,48,23,,0,0,31083.941,1,35,shp_1_20,6.263
19701,06:48:27,06:48:47,47,24,,0,0,31910.654,1,35,shp_1_20,9.680
19701,06:51:03,06:51:23,8,25,,0,0,33227.133,1,35,shp_1_20,8.381
19701,06:53:33,06:53:53,46,26,,0,0,34316.684,1,35,shp_1_20,10.605
19701,06:55:54,06:56:14,45,27,,0,0,35599.844,1,35,shp_1_20,8.891
19701,06:58:26,06:58:46,44,28,,0,0,36773.438,1,35,shp_1_20,5.571
19701,07:00:42,07:01:02,43,29,,0,0,37419.617,1,35,shp_1_20,11.021
19701,07:03:06,07:03:26,42,30,,0,0,38786.25,1,35,shp_1_20,10.693
19701,07:05:39,07:05:59,41,31,,0,0,40208.426,1,35,shp_1_20,22.375
19701,07:08:14,07:08:34,40,32,,0,0,43229.086,1,35,shp_1_20,54.496
19701,07:10:47,07:11:07,39,33,,0,0,50477.105,1,35,shp_1_20,11.993
19701,07:13:13,07:13:33,38,34,,0,0,51988.207,1,35,shp_1_20,15.785
19701,07:16:29,07:16:49,37,35,,0,0,54766.363,1,35,shp_1_20,8.486
19701,07:19:00,07:19:20,36,36,,0,0,55877.969,1,35,shp_1_20,0
20263,05:35:00,05:35:20,113,0,,0,0,0.0,1,36,shp_1_10,10.686
20263,05:37:45,05:38:05,114,1,,0,0,1549.521,1,36,shp_1_10,9.041
20263,05:39:49,05:40:09,115,2,,0,0,2489.745,1,36,shp_1_10,8.811
20263,05:41:49,05:42:09,116,3,,0,0,3370.854,1,36,shp_1_10,8.898
20263,05:44:09,05:44:29,117,4,,0,0,4438.581,1,36,shp_1_10,9.254
20263,05:46:16,05:46:36,118,5,,0,0,5428.79,1,36,shp_1_10,9.052
20263,05:48:36,05:48:56,119,6,,0,0,6514.97,1,36,shp_1_10,8.828
20263,05:50:44,05:51:04,120,7,,0,0,7468.359,1,36,shp_1_10,9.426
20263,05:54:06,05:54:26,121,8,,0,0,9183.856,1,36,shp_1_10,0
20915,05:53:00,05:53:20,89,0,,0,0,0.0,1,37,shp_1_53,10.654
20915,05:56:14,05:56:34,90,1,,0,0,1853.809,1,37,shp_1_53,7.163
20915,05:58:24,05:58:44,91,2,,0,0,2641.734,1,37,shp_1_53,7.421
20915,06:00:44,06:01:04,92,3,,0,0,3532.225,1,37,shp_1_53,9.017
20915,06:02:59,06:03:19,93,4,,0,0,4569.137,1,37,shp_1_53,4.076
20915,06:05:49,06:06:09,50,5,,0,0,5180.496,1,37,shp_1_53,10.980
20915,06:08:25,06:08:45,94,6,,0,0,6673.824,1,37,shp_1_53,7.453
20915,06:10:38,06:10:58,95,7,,0,0,7516.044,1,37,shp_1_53,9.704
20915,06:12:56,06:13:16,96,8,,0,0,8661.15,1,37,shp_1_53,3.117
20915,06:15:14,06:15:34,97,9,,0,0,9028.923,1,37,shp_1_53,21.779
20915,06:17:26,06:17:46,98,10,,0,0,11468.186,1,37,shp_1_53,9.423
20915,06:20:03,06:20:23,99,11,,0,0,12759.102,1,37,shp_1_53,6.981
20915,06:22:29,06:22:49,100,12,,0,0,13638.733,1,37,shp_1_53,6.328
20915,06:24:48,06:25:08,101,13,,0,0,14391.805,1,37,shp_1_53,8.597
20915,06:27:08,06:27:28,102,14,,0,0,15423.402,1,37,shp_1_53,9.258
20915,06:29:13,06:29:33,103,15,,0,0,16395.471,1,37,shp_1_53,9.975
20915,06:31:27,06:31:47,104,16,,0,0,17532.635,1,37,shp_1_53,10.447
20915,06:33:29,06:33:49,105,17,,0,0,18598.27,1,37,shp_1_53,7.208
20915,06:35:30,06:35:50,106,18,,0,0,19326.293,1,37,shp_1_53,9.062
20915,06:37:44,06:38:04,107,19,,0,0,20359.32,1,37,shp_1_53,8.820
20915,06:39:49,06:40:09,108,20,,0,0,21285.465,1,37,shp_1_53,11.425
20915,06:42:26,06:42:46,109,21,,0,0,22850.646,1,37,shp_1_53,7.539
20915,06:44:31,06:44:51,110,22,,0,0,23642.289,1,37,shp_1_53,8.767
20915,06:46:51,06:47:11,111,23,,0,0,24694.387,1,37,shp_1_53,10.116
20915,06:49:06,06:49:26,112,24,,0,0,25857.762,1,37,shp_1_53,7.685
20915,06:52:21,06:52:41,113,25,,0,0,27202.639,1,37,shp_1_53,0
21970,05:45:00,05:45:20,238,0,,0,0,0.0,1,38,shp_1_34,9.747
21970,05:47:30,05:47:50,237,1,,0,0,1267.071,1,38,shp_1_34,7.165
21970,05:49:53,05:50:13,236,2,,0,0,2148.334,1,38,shp_1_34,11.457
21970,05:52:05,05:52:25,235,3,,0,0,3431.518,1,38,shp_1_34,9.847
21970,05:54:42,05:55:02,234,4,,0,0,4780.615,1,38,shp_1_34,9.752
21970,05:57:04,05:57:24,233,5,,0,0,5970.375,1,38,shp_1_34,7.849
21970,05:59:23,05:59:43,79,6,,0,0,6904.433,1,38,shp_1_34,10.715
21970,06:01:41,06:02:01,80,7,,0,0,8168.746,1,38,shp_1_34,11.005
21970,06:04:15,06:04:35,81,8,,0,0,9643.462,1,38,shp_1_34,10.145
21970,06:06:25,06:06:45,82,9,,0,0,10759.409,1,38,shp_1_34,9.816
21970,06:08:42,06:09:02,83,10,,0,0,11907.827,1,38,shp_1_34,9.434
21970,06:10:45,06:11:05,84,11,,0,0,12879.48,1,38,shp_1_34,10.200
21970,06:13:06,06:13:26,85,12,,0,0,14113.674,1,38,shp_1_34,9.218
21970,06:15:17,06:15:37,86,13,,0,0,15136.919,1,38,shp_1_34,10.004
21970,06:17:34,06:17:54,87,14,,0,0,16307.356,1,38,shp_1_34,11.793
21970,06:20:30,06:20:50,88,15,,0,0,18147.004,1,38,shp_1_34,8.365
21970,06:23:55,06:24:15,89,16,,0,0,19694.467,1,38,shp_1_34,0
22489,06:00:00,06:00:20,72,0,,0,0,0.0,1,39,shp_1_51,11.731
22489,06:02:55,06:03:15,73,1,,0,0,1818.337,1,39,shp_1_51,5.636
22489,06:05:11,06:05:31,74,2,,0,0,2472.158,1,39,shp_1_51,10.162
22489,06:07:24,06:07:44,75,3,,0,0,3620.455,1,39,shp_1_51,9.574
22489,06:09:49,06:10:09,76,4,,0,0,4817.182,1,39,shp_1_51,8.330
22489,06:11:54,06:12:14,77,5,,0,0,5691.881,1,39,shp_1_51,11.481
22489,06:14:14,06:14:34,78,6,,0,0,7069.559,1,39,shp_1_51,6.896
22489,06:17:24,06:17:44,89,7,,0,0,8241.9,1,39,shp_1_51,0
23005,06:00:00,06:00:20,72,0,,0,0,0.0,1,40,shp_1_58,11.731
23005,06:02:55,06:03:15,73,1,,0,0,1818.337,1,40,shp_1_58,5.636
23005,06:05:11,06:05:31,74,2,,0,0,2472.158,1,40,shp_1_58,10.162
23005,06:07:24,06:07:44,75,3,,0,0,3620.455,1,40,shp_1_58,9.574
23005,06:09:49,06:10:09,76,4,,0,0,4817.182,1,40,shp_1_58,8.330
23005,06:11:54,06:12:14,77,5,,0,0,5691.881,1,40,shp_1_58,11.481
23005,06:14:14,06:14:34,78,6,,0,0,7069.559,1,40,shp_1_58,9.455
23005,06:50:59,06:51:19,238,7,,0,0,27728.904,1,40,shp_1_58,9.747
23005,06:53:29,06:53:49,237,8,,0,0,28995.977,1,40,shp_1_58,7.165
23005,06:55:52,06:56:12,236,9,,0,0,29877.238,1,40,shp_1_58,11.457
23005,06:58:04,06:58:24,235,10,,0,0,31160.422,1,40,shp_1_58,9.847
23005,07:00:41,07:01:01,234,11,,0,0,32509.516,1,40,shp_1_58,9.752
23005,07:03:03,07:03:23,233,12,,0,0,33699.277,1,40,shp_1_58,7.849
23005,07:05:22,07:05:42,79,13,,0,0,34633.332,1,40,shp_1_58,10.715
23005,07:07:40,07:08:00,80,14,,0,0,35897.645,1,40,shp_1_58,11.005
23005,07:10:14,07:10:34,81,15,,0,0,37372.359,1,40,shp_1_58,10.145
23005,07:12:24,07:12:44,82,16,,0,0,38488.305,1,40,shp_1_58,9.816
23005,07:14:41,07:15:01,83,17,,0,0,39636.723,1,40,shp_1_58,9.433
23005,07:16:44,07:17:04,84,18,,0,0,40608.371,1,40,shp_1_58,10.200
23005,07:19:05,07:19:25,85,19,,0,0,41842.566,1,40,shp_1_58,9.218
23005,07:21:16,07:21:36,86,20,,0,0,42865.805,1,40,shp_1_58,10.004
23005,07:23:33,07:23:53,87,21,,0,0,44036.242,1,40,shp_1_58,11.793
23005,07:26:29,07:26:49,88,22,,0,0,45875.895,1,40,shp_1_58,8.365
23005,07:29:54,07:30:14,89,23,,0,0,47423.363,1,40,shp_1_58,10.609
23005,07:33:08,07:33:28,90,24,,0,0,49269.34,1,40,shp_1_58,7.163
23005,07:35:18,07:35:38,91,25,,0,0,50057.266,1,40,shp_1_58,7.421
23005,07:37:38,07:37:58,92,26,,0,0,50947.758,1,40,shp_1_58,9.017
23005,07:39:53,07:40:13,93,27,,0,0,51984.668,1,40,shp_1_58,4.076
23005,07:42:43,07:43:03,50,28,,0,0,52596.027,1,40,shp_1_58,10.980
23005,07:45:19,07:45:39,94,29,,0,0,54089.355,1,40,shp_1_58,7.453
23005,07:47:32,07:47:52,95,30,,0,0,54931.574,1,40,shp_1_58,9.704
23005,07:49:50,07:50:10,96,31,,0,0,56076.68,1,40,shp_1_58,3.117
23005,07:52:08,07:52:28,97,32,,0,0,56444.453,1,40,shp_1_58,21.779
23005,07:54:20,07:54:40,98,33,,0,0,58883.715,1,40,shp_1_58,9.423
23005,07:56:57,07:57:17,99,34,,0,0,60174.633,1,40,shp_1_58,6.981
23005,07:59:23,07:59:43,100,35,,0,0,61054.266,1,40,shp_1_58,6.328
23005,08:01:42,08:02:02,101,36,,0,0,61807.336,1,40,shp_1_58,8.597
23005,08:04:02,08:04:22,102,37,,0,0,62838.938,1,40,shp_1_58,9.258
23005,08:06:07,08:06:27,103,38,,0,0,63811.008,1,40,shp_1_58,9.975
23005,08:08:21,08:08:41,104,39,,0,0,64948.176,1,40,shp_1_58,10.447
23005,08:10:23,08:10:43,105,40,,0,0,66013.813,1,40,shp_1_58,7.208
23005,08:12:24,08:12:44,106,41,,0,0,66741.844,1,40,shp_1_58,9.062
23005,08:14:38,08:14:58,107,42,,0,0,67774.867,1,40,shp_1_58,8.820
23005,08:16:43,08:17:03,108,43,,0,0,68701.008,1,40,shp_1_58,11.425
23005,08:19:20,08:19:40,109,44,,0,0,70266.195,1,40,shp_1_58,7.539
23005,08:21:25,08:21:45,110,45,,0,0,71057.836,1,40,shp_1_58,8.768
23005,08:23:45,08:24:05,111,46,,0,0,72109.938,1,40,shp_1_58,10.116
23005,08:26:00,08:26:20,112,47,,0,0,73273.297,1,40,shp_1_58,7.685
23005,08:29:15,08:29:35,113,48,,0,0,74618.188,1,40,shp_1_58,10.686
23005,08:32:00,08:32:20,114,49,,0,0,76167.711,1,40,shp_1_58,9.041
23005,08:34:04,08:34:24,115,50,,0,0,77107.938,1,40,shp_1_58,8.811
23005,08:36:04,08:36:24,116,51,,0,0,77989.047,1,40,shp_1_58,8.898
23005,08:38:24,08:38:44,117,52,,0,0,79056.773,1,40,shp_1_58,9.254
23005,08:40:31,08:40:51,118,53,,0,0,80046.984,1,40,shp_1_58,9.052
23005,08:42:51,08:43:11,119,54,,0,0,81133.164,1,40,shp_1_58,8.828
23005,08:44:59,08:45:19,120,55,,0,0,82086.555,1,40,shp_1_58,9.426
23005,08:48:21,08:48:41,121,56,,0,0,83802.055,1,40,shp_1_58,0
2305,05:49:52,05:50:12,62,0,,0,0,0.0,1,4,shp_1_35,9.479
2305,05:52:30,05:52:50,63,1,,0,0,1308.045,1,4,shp_1_35,10.489
2305,05:55:21,05:55:41,64,2,,0,0,2891.887,1,4,shp_1_35,10.510
2305,05:57:48,05:58:08,65,3,,0,0,4226.597,1,4,shp_1_35,14.107
2305,06:01:22,06:01:42,66,4,,0,0,6963.344,1,4,shp_1_35,12.660
2305,06:04:58,06:05:18,67,5,,0,0,9444.625,1,4,shp_1_35,8.623
2305,06:07:04,06:07:24,68,6,,0,0,10358.685,1,4,shp_1_35,10.262
2305,06:09:31,06:09:51,69,7,,0,0,11661.93,1,4,shp_1_35,9.850
2305,06:12:11,06:12:31,70,8,,0,0,13040.985,1,4,shp_1_35,12.386
2305,06:14:31,06:14:51,71,9,,0,0,14527.313,1,4,shp_1_35,0
23521,05:45:00,05:45:20,238,0,,0,0,0.0,1,41,shp_1_40,9.747
23521,05:47:30,05:47:50,237,1,,0,0,1267.071,1,41,shp_1_40,7.165
23521,05:49:53,05:50:13,236,2,,0,0,2148.334,1,41,shp_1_40,11.457
23521,05:52:05,05:52:25,235,3,,0,0,3431.518,1,41,shp_1_40,9.847
23521,05:54:42,05:55:02,234,4,,0,0,4780.615,1,41,shp_1_40,9.752
23521,05:57:04,05:57:24,233,5,,0,0,5970.375,1,41,shp_1_40,7.849
23521,05:59:23,05:59:43,79,6,,0,0,6904.433,1,41,shp_1_40,10.715
23521,06:01:41,06:02:01,80,7,,0,0,8168.746,1,41,shp_1_40,11.005
23521,06:04:15,06:04:35,81,8,,0,0,9643.462,1,41,shp_1_40,10.145
23521,06:06:25,06:06:45,82,9,,0,0,10759.409,1,41,shp_1_40,9.816
23521,06:08:42,06:09:02,83,10,,0,0,11907.827,1,41,shp_1_40,9.434
23521,06:10:45,06:11:05,84,11,,0,0,12879.48,1,41,shp_1_40,10.200
23521,06:13:06,06:13:26,85,12,,0,0,14113.674,1,41,shp_1_40,9.218
23521,06:15:17,06:15:37,86,13,,0,0,15136.919,1,41,shp_1_40,10.004
23521,06:17:34,06:17:54,87,14,,0,0,16307.356,1,41,shp_1_40,11.793
23521,06:20:30,06:20:50,88,15,,0,0,18147.004,1,41,shp_1_40,8.365
23521,06:23:55,06:24:15,89,16,,0,0,19694.467,1,41,shp_1_40,10.609
23521,06:27:09,06:27:29,90,17,,0,0,21540.438,1,41,shp_1_40,7.163
23521,06:29:19,06:29:39,91,18,,0,0,22328.363,1,41,shp_1_40,7.421
23521,06:31:39,06:31:59,92,19,,0,0,23218.854,1,41,shp_1_40,9.017
23521,06:33:54,06:34:14,93,20,,0,0,24255.768,1,41,shp_1_40,4.076
23521,06:36:44,06:37:04,50,21,,0,0,24867.127,1,41,shp_1_40,10.980
23521,06:39:20,06:39:40,94,22,,0,0,26360.455,1,41,shp_1_40,7.453
23521,06:41:33,06:41:53,95,23,,0,0,27202.676,1,41,shp_1_40,9.704
23521,06:43:51,06:44:11,96,24,,0,0,28347.781,1,41,shp_1_40,3.117
23521,06:46:09,06:46:29,97,25,,0,0,28715.553,1,41,shp_1_40,21.779
23521,06:48:21,06:48:41,98,26,,0,0,31154.814,1,41,shp_1_40,9.423
23521,06:50:58,06:51:18,99,27,,0,0,32445.73,1,41,shp_1_40,6.981
23521,06:53:24,06:53:44,100,28,,0,0,33325.363,1,41,shp_1_40,6.328
23521,06:55:43,06:56:03,101,29,,0,0,34078.434,1,41,shp_1_40,8.597
23521,06:58:03,06:58:23,102,30,,0,0,35110.035,1,41,shp_1_40,9.258
23521,07:00:08,07:00:28,103,31,,0,0,36082.105,1,41,shp_1_40,9.975
23521,07:02:22,07:02:42,104,32,,0,0,37219.273,1,41,shp_1_40,10.447
23521,07:04:24,07:04:44,105,33,,0,0,38284.914,1,41,shp_1_40,7.208
23521,07:06:25,07:06:45,106,34,,0,0,39012.934,1,41,shp_1_40,9.062
23521,07:08:39,07:08:59,107,35,,0,0,40045.957,1,41,shp_1_40,8.820
23521,07:10:44,07:11:04,108,36,,0,0,40972.098,1,41,shp_1_40,11.425
23521,07:13:21,07:13:41,109,37,,0,0,42537.273,1,41,shp_1_40,7.539
23521,07:15:26,07:15:46,110,38,,0,0,43328.914,1,41,shp_1_40,8.767
23521,07:17:46,07:18:06,111,39,,0,0,44381.008,1,41,shp_1_40,10.116
23521,07:20:01,07:20:21,112,40,,0,0,45544.383,1,41,shp_1_40,7.685
23521,07:23:16,07:23:36,113,41,,0,0,46889.254,1,41,shp_1_40,10.686
23521,07:26:01,07:26:21,114,42,,0,0,48438.77,1,41,shp_1_40,9.041
23521,07:28:05,07:28:25,115,43,,0,0,49378.992,1,41,shp_1_40,8.811
23521,07:30:05,07:30:25,116,44,,0,0,50260.102,1,41,shp_1_40,8.898
23521,07:32:25,07:32:45,117,45,,0,0,51327.824,1,41,shp_1_40,9.254
23521,07:34:32,07:34:52,118,46,,0,0,52318.035,1,41,shp_1_40,9.051
23521,07:36:52,07:37:12,119,47,,0,0,53404.215,1,41,shp_1_40,8.828
23521,07:39:00,07:39:20,120,48,,0,0,54357.605,1,41,shp_1_40,9.426
23521,07:42:22,07:42:42,121,49,,0,0,56073.102,1,41,shp_1_40,0
24040,06:04:27,06:04:47,34,0,,0,0,0.0,1,42,shp_1_5,7.268
24040,06:06:52,06:07:12,33,1,,0,0,908.554,1,42,shp_1_5,12.616
24040,06:09:32,06:09:52,32,2,,0,0,2674.813,1,42,shp_1_5,9.841
24040,06:11:42,06:12:02,31,3,,0,0,3757.36,1,42,shp_1_5,4.155
24040,06:14:02,06:14:22,30,4,,0,0,4255.951,1,42,shp_1_5,12.414
24040,06:15:42,06:16:02,29,5,,0,0,5249.041,1,42,shp_1_5,8.186
24040,06:17:57,06:18:17,28,6,,0,0,6190.464,1,42,shp_1_5,11.952
24040,06:20:12,06:20:32,27,7,,0,0,7564.919,1,42,shp_1_5,4.871
24040,06:22:07,06:22:27,26,8,,0,0,8027.667,1,42,shp_1_5,8.672
24040,06:24:12,06:24:32,25,9,,0,0,8938.25,1,42,shp_1_5,7.552
24040,06:26:22,06:26:42,24,10,,0,0,9768.98,1,42,shp_1_5,9.313
24040,06:28:51,06:29:11,23,11,,0,0,10970.35,1,42,shp_1_5,12.741
24040,06:31:11,06:31:31,22,12,,0,0,12499.269,1,42,shp_1_5,0
24696,05:39:26,05:39:46,34,0,,0,0,0.0,1,43,shp_1_1,10.761
24696,05:42:51,05:43:11,35,1,,0,0,1990.873,1,43,shp_1_1,11.389
24696,05:44:51,05:45:11,100,2,,0,0,3129.73,1,43,shp_1_1,0
25034,05:47:28,05:47:48,34,0,,0,0,0.0,1,44,shp_1_4,10.695
25034,05:50:18,05:50:38,13,1,,0,0,1604.279,1,44,shp_1_4,0
25368,06:00:00,06:00:20,202,0,,0,0,0.0,1,45,shp_1_3,9.937
25368,06:03:19,06:03:39,201,1,,0,0,1778.645,1,45,shp_1_3,9.831
25368,06:06:16,06:06:36,200,2,,0,0,3322.093,1,45,shp_1_3,9.266
25368,06:08:53,06:09:13,199,3,,0,0,4591.545,1,45,shp_1_3,9.405
25368,06:11:30,06:11:50,198,4,,0,0,5880.063,1,45,shp_1_3,9.805
25368,06:14:34,06:14:54,197,5,,0,0,7488.136,1,45,shp_1_3,2.542
25368,06:17:34,06:17:54,196,6,,0,0,7894.935,1,45,shp_1_3,28.924
25368,06:20:04,06:20:24,22,7,,0,0,11655.018,1,45,shp_1_3,0
25814,06:00:00,06:00:20,202,0,,0,0,0.0,1,46,shp_1_7,9.937
25814,06:03:19,06:03:39,201,1,,0,0,1778.645,1,46,shp_1_7,9.831
25814,06:06:16,06:06:36,200,2,,0,0,3322.093,1,46,shp_1_7,9.266
25814,06:08:53,06:09:13,199,3,,0,0,4591.545,1,46,shp_1_7,9.405
25814,06:11:30,06:11:50,198,4,,0,0,5880.063,1,46,shp_1_7,9.805
25814,06:14:34,06:14:54,197,5,,0,0,7488.136,1,46,shp_1_7,2.542
25814,06:17:34,06:17:54,196,6,,0,0,7894.935,1,46,shp_1_7,28.925
25814,06:20:04,06:20:24,22,7,,0,0,11655.173,1,46,shp_1_7,12.738
25814,06:22:24,06:22:44,23,8,,0,0,13183.712,1,46,shp_1_7,9.312
25814,06:24:53,06:25:13,24,9,,0,0,14384.952,1,46,shp_1_7,7.553
25814,06:27:03,06:27:23,25,10,,0,0,15215.79,1,46,shp_1_7,8.670
25814,06:29:08,06:29:28,26,11,,0,0,16126.143,1,46,shp_1_7,4.880
25814,06:31:03,06:31:23,27,12,,0,0,16589.707,1,46,shp_1_7,11.952
25814,06:33:18,06:33:38,28,13,,0,0,17964.164,1,46,shp_1_7,8.189
25814,06:35:33,06:35:53,29,14,,0,0,18905.941,1,46,shp_1_7,12.414
25814,06:37:13,06:37:33,30,15,,0,0,19899.021,1,46,shp_1_7,4.153
25814,06:39:33,06:39:53,31,16,,0,0,20397.414,1,46,shp_1_7,9.840
25814,06:41:43,06:42:03,32,17,,0,0,21479.846,1,46,shp_1_7,12.619
25814,06:44:23,06:44:43,33,18,,0,0,23246.551,1,46,shp_1_7,7.269
25814,06:46:48,06:47:08,34,19,,0,0,24155.137,1,46,shp_1_7,10.822
25814,06:50:13,06:50:33,35,20,,0,0,26157.119,1,46,shp_1_7,11.387
25814,06:52:13,06:52:33,100,21,,0,0,27295.777,1,46,shp_1_7,0
26131,06:10:00,06:10:20,202,0,,0,0,0.0,1,47,shp_1_6,9.937
26131,06:13:19,06:13:39,201,1,,0,0,1778.645,1,47,shp_1_6,9.831
26131,06:16:16,06:16:36,200,2,,0,0,3322.093,1,47,shp_1_6,9.266
26131,06:18:53,06:19:13,199,3,,0,0,4591.545,1,47,shp_1_6,9.405
26131,06:21:30,06:21:50,198,4,,0,0,5880.063,1,47,shp_1_6,9.805
26131,06:24:34,06:24:54,197,5,,0,0,7488.136,1,47,shp_1_6,2.542
26131,06:27:34,06:27:54,196,6,,0,0,7894.935,1,47,shp_1_6,28.925
26131,06:30:04,06:30:24,22,7,,0,0,11655.173,1,47,shp_1_6,12.738
26131,06:32:24,06:32:44,23,8,,0,0,13183.712,1,47,shp_1_6,9.312
26131,06:34:53,06:35:13,24,9,,0,0,14384.952,1,47,shp_1_6,7.553
26131,06:37:03,06:37:23,25,10,,0,0,15215.79,1,47,shp_1_6,8.670
26131,06:39:08,06:39:28,26,11,,0,0,16126.143,1,47,shp_1_6,4.880
26131,06:41:03,06:41:23,27,12,,0,0,16589.707,1,47,shp_1_6,11.952
26131,06:43:18,06:43:38,28,13,,0,0,17964.164,1,47,shp_1_6,8.189
26131,06:45:33,06:45:53,29,14,,0,0,18905.941,1,47,shp_1_6,12.414
26131,06:47:13,06:47:33,30,15,,0,0,19899.021,1,47,shp_1_6,4.153
26131,06:49:33,06:49:53,31,16,,0,0,20397.414,1,47,shp_1_6,9.840
26131,06:51:43,06:52:03,32,17,,0,0,21479.846,1,47,shp_1_6,12.619
26131,06:54:23,06:54:43,33,18,,0,0,23246.551,1,47,shp_1_6,7.269
26131,06:56:48,06:57:08,34,19,,0,0,24155.137,1,47,shp_1_6,10.822
26131,07:00:13,07:00:33,35,20,,0,0,26157.119,1,47,shp_1_6,11.387
26131,07:02:13,07:02:33,100,21,,0,0,27295.777,1,47,shp_1_6,6.672
26131,07:09:48,07:10:08,13,22,,0,0,30198.256,1,47,shp_1_6,0
26443,06:00:00,06:00:20,138,0,,0,0,0.0,1,48,shp_1_9,7.133
26443,06:02:45,06:03:05,137,1,,0,0,1034.348,1,48,shp_1_9,10.655
26443,06:06:17,06:06:37,136,2,,0,0,3080.066,1,48,shp_1_9,8.681
26443,06:08:52,06:09:12,135,3,,0,0,4252.055,1,48,shp_1_9,7.687
26443,06:11:34,06:11:54,134,4,,0,0,5343.622,1,48,shp_1_9,7.890
26443,06:14:16,06:14:36,133,5,,0,0,6464.058,1,48,shp_1_9,8.408
26443,06:17:31,06:17:51,132,6,,0,0,7935.418,1,48,shp_1_9,6.617
26443,06:19:49,06:20:09,131,7,,0,0,8716.226,1,48,shp_1_9,7.105
26443,06:22:08,06:22:28,130,8,,0,0,9561.765,1,48,shp_1_9,8.829
26443,06:24:47,06:25:07,129,9,,0,0,10788.957,1,48,shp_1_9,8.620
26443,06:27:28,06:27:48,128,10,,0,0,12004.348,1,48,shp_1_9,6.092
26443,06:29:48,06:30:08,127,11,,0,0,12735.43,1,48,shp_1_9,9.431
26443,06:32:45,06:33:05,126,12,,0,0,14216.066,1,48,shp_1_9,8.362
26443,06:35:12,06:35:32,125,13,,0,0,15278.069,1,48,shp_1_9,8.851
26443,06:38:09,06:38:29,124,14,,0,0,16667.717,1,48,shp_1_9,10.754
26443,06:42:01,06:42:21,52,15,,0,0,18947.555,1,48,shp_1_9,17.827
26443,06:43:44,06:44:04,123,16,,0,0,20427.17,1,48,shp_1_9,7.590
26443,06:47:23,06:47:43,92,17,,0,0,21937.559,1,48,shp_1_9,7.630
26443,06:49:28,06:49:48,122,18,,0,0,22738.662,1,48,shp_1_9,11.710
26443,06:51:46,06:52:06,158,19,,0,0,24120.412,1,48,shp_1_9,8.044
26443,06:54:25,06:54:45,159,20,,0,0,25238.465,1,48,shp_1_9,9.302
26443,06:56:18,06:56:38,160,21,,0,0,26103.506,1,48,shp_1_9,9.247
26443,06:59:27,06:59:47,8,22,,0,0,27666.271,1,48,shp_1_9,0
27161,05:40:00,05:40:20,220,0,,0,0,0.0,1,49,shp_1_38,6.210
27161,05:46:20,05:46:40,219,1,,0,0,2235.628,1,49,shp_1_38,14.495
27161,05:48:40,05:49:00,147,2,,0,0,3975.059,1,49,shp_1_38,15.924
27161,05:51:30,05:51:50,146,3,,0,0,6363.645,1,49,shp_1_38,13.795
27161,05:54:07,05:54:27,145,4,,0,0,8253.602,1,49,shp_1_38,10.112
27161,05:56:35,05:56:55,144,5,,0,0,9547.97,1,49,shp_1_38,8.917
27161,05:59:07,05:59:27,143,6,,0,0,10725.046,1,49,shp_1_38,14.850
27161,06:01:44,06:02:04,142,7,,0,0,12759.535,1,49,shp_1_38,7.911
27161,06:04:00,06:04:20,141,8,,0,0,13677.257,1,49,shp_1_38,13.590
27161,06:06:15,06:06:35,140,9,,0,0,15240.066,1,49,shp_1_38,10.357
27161,06:09:22,06:09:42,139,10,,0,0,16969.727,1,49,shp_1_38,10.366
27161,06:12:30,06:12:50,138,11,,0,0,18711.277,1,49,shp_1_38,0
27525,05:40:00,05:40:20,220,0,,0,0,0.0,1,50,shp_1_43,6.210
27525,05:46:20,05:46:40,219,1,,0,0,2235.628,1,50,shp_1_43,14.495
27525,05:48:40,05:49:00,147,2,,0,0,3975.059,1,50,shp_1_43,15.924
27525,05:51:30,05:51:50,146,3,,0,0,6363.645,1,50,shp_1_43,13.795
27525,05:54:07,05:54:27,145,4,,0,0,8253.602,1,50,shp_1_43,10.112
27525,05:56:35,05:56:55,144,5,,0,0,9547.97,1,50,shp_1_43,8.917
27525,05:59:07,05:59:27,143,6,,0,0,10725.046,1,50,shp_1_43,14.850
27525,06:01:44,06:02:04,142,7,,0,0,12759.535,1,50,shp_1_43,7.911
27525,06:04:00,06:04:20,141,8,,0,0,13677.257,1,50,shp_1_43,13.590
27525,06:06:15,06:06:35,140,9,,0,0,15240.066,1,50,shp_1_43,10.357
27525,06:09:22,06:09:42,139,10,,0,0,16969.727,1,50,shp_1_43,10.366
27525,06:12:30,06:12:50,138,11,,0,0,18711.277,1,50,shp_1_43,7.133
27525,06:15:15,06:15:35,137,12,,0,0,19745.625,1,50,shp_1_43,10.655
27525,06:18:47,06:19:07,136,13,,0,0,21791.348,1,50,shp_1_43,8.681
27525,06:21:22,06:21:42,135,14,,0,0,22963.336,1,50,shp_1_43,7.687
27525,06:24:04,06:24:24,134,15,,0,0,24054.902,1,50,shp_1_43,7.890
27525,06:26:46,06:27:06,133,16,,0,0,25175.338,1,50,shp_1_43,8.408
27525,06:30:01,06:30:21,132,17,,0,0,26646.701,1,50,shp_1_43,6.617
27525,06:32:19,06:32:39,131,18,,0,0,27427.512,1,50,shp_1_43,7.105
27525,06:34:38,06:34:58,130,19,,0,0,28273.053,1,50,shp_1_43,8.829
27525,06:37:17,06:37:37,129,20,,0,0,29500.244,1,50,shp_1_43,8.620
27525,06:39:58,06:40:18,128,21,,0,0,30715.635,1,50,shp_1_43,6.092
27525,06:42:18,06:42:38,127,22,,0,0,31446.717,1,50,shp_1_43,9.431
27525,06:45:15,06:45:35,126,23,,0,0,32927.355,1,50,shp_1_43,8.362
27525,06:47:42,06:48:02,125,24,,0,0,33989.359,1,50,shp_1_43,8.851
27525,06:50:39,06:50:59,124,25,,0,0,35379.012,1,50,shp_1_43,10.754
27525,06:54:31,06:54:51,52,26,,0,0,37658.848,1,50,shp_1_43,17.827
27525,06:56:14,06:56:34,123,27,,0,0,39138.461,1,50,shp_1_43,7.590
27525,06:59:53,07:00:13,92,28,,0,0,40648.848,1,50,shp_1_43,7.630
27525,07:01:58,07:02:18,122,29,,0,0,41449.949,1,50,shp_1_43,11.710
27525,07:04:16,07:04:36,158,30,,0,0,42831.691,1,50,shp_1_43,8.044
27525,07:06:55,07:07:15,159,31,,0,0,43949.746,1,50,shp_1_43,9.301
27525,07:08:48,07:09:08,160,32,,0,0,44814.785,1,50,shp_1_43,9.247
27525,07:11:57,07:12:17,8,33,,0,0,46377.551,1,50,shp_1_43,0
27886,06:00:00,06:00:20,215,0,,0,0,0.0,1,51,shp_1_41,7.456
27886,06:02:50,06:03:10,214,1,,0,0,1118.338,1,51,shp_1_41,10.035
27886,06:06:25,06:06:45,5,2,,0,0,3075.108,1,51,shp_1_41,7.827
27886,06:09:17,06:09:37,213,3,,0,0,4264.804,1,51,shp_1_41,8.595
27886,06:11:25,06:11:45,212,4,,0,0,5193.053,1,51,shp_1_41,9.025
27886,06:13:42,06:14:02,211,5,,0,0,6248.941,1,51,shp_1_41,6.924
27886,06:16:32,06:16:52,75,6,,0,0,7287.479,1,51,shp_1_41,9.330
27886,06:18:45,06:19:05,74,7,,0,0,8341.714,1,51,shp_1_41,8.507
27886,06:23:15,06:23:35,210,8,,0,0,10468.551,1,51,shp_1_41,8.301
27886,06:26:18,06:26:38,209,9,,0,0,11821.538,1,51,shp_1_41,6.977
27886,06:28:48,06:29:08,208,10,,0,0,12728.499,1,51,shp_1_41,7.649
27886,06:31:21,06:31:41,207,11,,0,0,13745.866,1,51,shp_1_41,12.346
27886,06:33:50,06:34:10,224,12,,0,0,15338.466,1,51,shp_1_41,7.699
27886,06:35:49,06:36:09,87,13,,0,0,16100.679,1,51,shp_1_41,13.535
27886,06:41:05,06:41:25,223,14,,0,0,20106.953,1,51,shp_1_41,8.566
27886,06:44:19,06:44:39,222,15,,0,0,21597.377,1,51,shp_1_41,7.948
27886,06:47:39,06:47:59,221,16,,0,0,23027.955,1,51,shp_1_41,9.461
27886,06:50:54,06:51:14,127,17,,0,0,24683.715,1,51,shp_1_41,7.499
27886,06:54:04,06:54:24,206,18,,0,0,25958.471,1,51,shp_1_41,9.676
27886,06:56:39,06:56:59,56,19,,0,0,27264.779,1,51,shp_1_41,17.798
27886,06:59:02,06:59:22,205,20,,0,0,29453.928,1,51,shp_1_41,0.000
27886,07:01:35,07:01:55,204,21,,0,0,29453.928,1,51,shp_1_41,10.588
27886,07:04:30,07:04:50,203,22,,0,0,31095.143,1,51,shp_1_41,9.699
27886,07:07:09,07:07:29,181,23,,0,0,32443.34,1,51,shp_1_41,12.437
27886,07:12:34,07:12:54,180,24,,0,0,36236.684,1,51,shp_1_41,10.521
27886,07:15:53,07:16:13,179,25,,0,0,38119.871,1,51,shp_1_41,8.914
27886,07:19:11,07:19:31,178,26,,0,0,39706.625,1,51,shp_1_41,8.617
27886,07:22:24,07:22:44,103,27,,0,0,41197.309,1,51,shp_1_41,9.523
27886,07:24:39,07:24:59,177,28,,0,0,42292.398,1,51,shp_1_41,12.075
27886,07:27:49,07:28:09,176,29,,0,0,44345.121,1,51,shp_1_41,8.752
27886,07:31:40,07:32:00,175,30,,0,0,46191.805,1,51,shp_1_41,8.268
27886,07:34:22,07:34:42,16,31,,0,0,47365.852,1,51,shp_1_41,9.698
27886,07:37:09,07:37:29,174,32,,0,0,48791.492,1,51,shp_1_41,9.532
27886,07:40:09,07:40:29,41,33,,0,0,50316.559,1,51,shp_1_41,8.696
27886,07:44:06,07:44:26,173,34,,0,0,52203.523,1,51,shp_1_41,0
28416,06:00:00,06:00:20,218,0,,0,0,0.0,1,52,shp_1_54,8.223
28416,06:02:16,06:02:36,217,1,,0,0,953.884,1,52,shp_1_54,8.941
28416,06:05:00,06:05:20,216,2,,0,0,2241.439,1,52,shp_1_54,10.109
28416,06:07:30,06:07:50,215,3,,0,0,3555.586,1,52,shp_1_54,0
28870,06:00:00,06:00:20,218,0,,0,0,0.0,1,53,shp_1_57,8.223
28870,06:02:16,06:02:36,217,1,,0,0,953.884,1,53,shp_1_57,8.941
28870,06:05:00,06:05:20,216,2,,0,0,2241.439,1,53,shp_1_57,10.109
28870,06:07:30,06:07:50,215,3,,0,0,3555.586,1,53,shp_1_57,7.456
28870,06:10:20,06:10:40,214,4,,0,0,4673.925,1,53,shp_1_57,10.035
28870,06:13:55,06:14:15,5,5,,0,0,6630.694,1,53,shp_1_57,7.827
28870,06:16:47,06:17:07,213,6,,0,0,7820.392,1,53,shp_1_57,8.595
28870,06:18:55,06:19:15,212,7,,0,0,8748.642,1,53,shp_1_57,9.025
28870,06:21:12,06:21:32,211,8,,0,0,9804.53,1,53,shp_1_57,6.924
28870,06:24:02,06:24:22,75,9,,0,0,10843.067,1,53,shp_1_57,9.330
28870,06:26:15,06:26:35,74,10,,0,0,11897.302,1,53,shp_1_57,8.507
28870,06:30:45,06:31:05,210,11,,0,0,14024.139,1,53,shp_1_57,8.301
28870,06:33:48,06:34:08,209,12,,0,0,15377.126,1,53,shp_1_57,6.977
28870,06:36:18,06:36:38,208,13,,0,0,16284.087,1,53,shp_1_57,7.649
28870,06:38:51,06:39:11,207,14,,0,0,17301.455,1,53,shp_1_57,12.346
28870,06:41:20,06:41:40,224,15,,0,0,18894.053,1,53,shp_1_57,7.699
28870,06:43:19,06:43:39,87,16,,0,0,19656.262,1,53,shp_1_57,13.535
28870,06:48:35,06:48:55,223,17,,0,0,23662.535,1,53,shp_1_57,8.566
28870,06:51:49,06:52:09,222,18,,0,0,25152.959,1,53,shp_1_57,7.538
28870,06:55:09,06:55:29,221,19,,0,0,26509.793,1,53,shp_1_57,10.062
28870,06:58:24,06:58:44,127,20,,0,0,28270.641,1,53,shp_1_57,7.488
28870,07:01:34,07:01:54,206,21,,0,0,29543.682,1,53,shp_1_57,9.664
28870,07:04:09,07:04:29,56,22,,0,0,30848.281,1,53,shp_1_57,17.791
28870,07:06:32,07:06:52,205,23,,0,0,33036.605,1,53,shp_1_57,0.007
28870,07:09:05,07:09:25,204,24,,0,0,33037.48,1,53,shp_1_57,10.589
28870,07:12:00,07:12:20,203,25,,0,0,34678.699,1,53,shp_1_57,9.699
28870,07:14:39,07:14:59,181,26,,0,0,36026.898,1,53,shp_1_57,12.437
28870,07:20:04,07:20:24,180,27,,0,0,39820.242,1,53,shp_1_57,10.521
28870,07:23:23,07:23:43,179,28,,0,0,41703.43,1,53,shp_1_57,8.914
28870,07:26:41,07:27:01,178,29,,0,0,43290.184,1,53,shp_1_57,8.617
28870,07:29:54,07:30:14,103,30,,0,0,44780.867,1,53,shp_1_57,9.523
28870,07:32:09,07:32:29,177,31,,0,0,45875.957,1,53,shp_1_57,12.075
28870,07:35:19,07:35:39,176,32,,0,0,47928.68,1,53,shp_1_57,8.752
28870,07:39:10,07:39:30,175,33,,0,0,49775.363,1,53,shp_1_57,8.268
28870,07:41:52,07:42:12,16,34,,0,0,50949.41,1,53,shp_1_57,9.698
28870,07:44:39,07:44:59,174,35,,0,0,52375.051,1,53,shp_1_57,9.532
28870,07:47:39,07:47:59,41,36,,0,0,53900.117,1,53,shp_1_57,8.696
28870,07:51:36,07:51:56,173,37,,0,0,55787.082,1,53,shp_1_57,0
29311,05:46:14,05:46:34,81,0,,0,0,0.0,1,54,shp_1_16,9.450
29311,05:50:06,05:50:26,161,1,,0,0,2003.493,1,54,shp_1_16,10.229
29311,05:53:01,05:53:21,162,2,,0,0,3589.032,1,54,shp_1_16,10.438
29311,05:56:33,05:56:53,163,3,,0,0,5593.097,1,54,shp_1_16,10.141
29311,05:59:54,06:00:14,164,4,,0,0,7428.589,1,54,shp_1_16,6.422
29311,06:02:41,06:03:01,165,5,,0,0,8372.665,1,54,shp_1_16,8.049
29311,06:05:34,06:05:54,166,6,,0,0,9604.107,1,54,shp_1_16,8.335
29311,06:08:12,06:08:32,167,7,,0,0,10754.323,1,54,shp_1_16,6.779
29311,06:10:29,06:10:49,131,8,,0,0,11547.502,1,54,shp_1_16,8.657
29311,06:12:25,06:12:45,182,9,,0,0,12378.613,1,54,shp_1_16,9.777
29311,06:15:04,06:15:24,183,10,,0,0,13737.647,1,54,shp_1_16,7.866
29311,06:17:09,06:17:29,184,11,,0,0,14563.604,1,54,shp_1_16,8.793
29311,06:19:13,06:19:33,185,12,,0,0,15478.074,1,54,shp_1_16,9.489
29311,06:22:02,06:22:22,59,13,,0,0,16891.973,1,54,shp_1_16,11.171
29311,06:24:16,06:24:36,186,14,,0,0,18165.467,1,54,shp_1_16,9.384
29311,06:26:24,06:26:44,187,15,,0,0,19178.959,1,54,shp_1_16,9.605
29311,06:29:04,06:29:24,188,16,,0,0,20523.713,1,54,shp_1_16,8.740
29311,06:31:56,06:32:16,189,17,,0,0,21852.148,1,54,shp_1_16,12.324
29311,06:35:04,06:35:24,190,18,,0,0,23922.625,1,54,shp_1_16,11.240
29311,06:38:29,06:38:49,191,19,,0,0,26001.967,1,54,shp_1_16,12.017
29311,06:41:43,06:42:03,192,20,,0,0,28092.846,1,54,shp_1_16,14.421
29311,06:45:37,06:45:57,193,21,,0,0,31178.908,1,54,shp_1_16,11.239
29311,06:48:10,06:48:30,194,22,,0,0,32673.691,1,54,shp_1_16,9.788
29311,06:51:11,06:51:31,195,23,,0,0,34249.582,1,54,shp_1_16,10.936
29311,06:54:06,06:54:26,108,24,,0,0,35944.73,1,54,shp_1_16,0
29850,06:00:00,06:00:20,240,0,,0,0,0.0,1,55,shp_1_30,9.959
29850,06:04:24,06:04:44,239,1,,0,0,2430.1,1,55,shp_1_30,12.165
29850,06:07:00,06:07:20,113,2,,0,0,4084.605,1,55,shp_1_30,0
30078,05:38:36,05:38:56,49,0,,0,0,0.0,1,56,shp_1_31,11.853
30078,05:41:56,05:42:16,157,1,,0,0,2133.548,1,56,shp_1_31,17.289
30078,05:48:33,05:48:53,156,2,,0,0,8651.632,1,56,shp_1_31,17.218
30078,05:55:36,05:55:56,155,3,,0,0,15590.478,1,56,shp_1_31,9.003
30078,06:02:01,06:02:21,154,4,,0,0,18876.523,1,56,shp_1_31,12.924
30078,06:06:22,06:06:42,121,5,,0,0,21991.316,1,56,shp_1_31,0
30402,06:00:00,06:00:20,153,0,,0,0,0.0,1,57,shp_1_33,5.304
30402,06:03:20,06:03:40,152,1,,0,0,954.769,1,57,shp_1_33,3.753
30402,06:06:40,06:07:00,151,2,,0,0,1630.335,1,57,shp_1_33,4.635
30402,06:10:00,06:10:20,150,3,,0,0,2464.575,1,57,shp_1_33,3.544
30402,06:13:20,06:13:40,149,4,,0,0,3102.57,1,57,shp_1_33,2.470
30402,06:19:40,06:20:00,148,5,,0,0,3991.847,1,57,shp_1_33,0.000
30402,06:22:00,06:22:20,68,6,,0,0,3991.847,1,57,shp_1_33,8.425
30402,06:24:20,06:24:40,168,7,,0,0,5002.861,1,57,shp_1_33,8.543
30402,06:27:40,06:28:00,169,8,,0,0,6540.646,1,57,shp_1_33,7.057
30402,06:31:00,06:31:20,170,9,,0,0,7810.93,1,57,shp_1_33,8.565
30402,06:34:20,06:34:40,171,10,,0,0,9352.572,1,57,shp_1_33,5.959
30402,06:37:40,06:38:00,172,11,,0,0,10425.216,1,57,shp_1_33,0
3079,05:20:45,05:21:05,62,0,,0,0,0.0,1,5,shp_1_39,9.383
3079,05:23:55,05:24:15,61,1,,0,0,1595.12,1,5,shp_1_39,5.757
3079,05:27:22,05:27:42,60,2,,0,0,2671.745,1,5,shp_1_39,10.366
3079,05:30:28,05:30:48,59,3,,0,0,4392.477,1,5,shp_1_39,10.740
3079,05:33:32,05:33:52,58,4,,0,0,6153.852,1,5,shp_1_39,7.813
3079,05:35:52,05:36:12,57,5,,0,0,7091.366,1,5,shp_1_39,7.013
3079,05:38:05,05:38:25,56,6,,0,0,7883.882,1,5,shp_1_39,10.810
3079,05:40:33,05:40:53,55,7,,0,0,9267.55,1,5,shp_1_39,8.930
3079,05:43:01,05:43:21,54,8,,0,0,10410.565,1,5,shp_1_39,12.073
3079,05:45:32,05:45:52,53,9,,0,0,11992.072,1,5,shp_1_39,5.767
3079,05:47:24,05:47:44,52,10,,0,0,12522.628,1,5,shp_1_39,7.601
3079,05:49:33,05:49:53,51,11,,0,0,13351.107,1,5,shp_1_39,9.205
3079,05:52:06,05:52:26,50,12,,0,0,14575.399,1,5,shp_1_39,8.255
3079,05:54:56,05:55:16,49,13,,0,0,15813.575,1,5,shp_1_39,7.068
3079,05:57:01,05:57:21,48,14,,0,0,16555.711,1,5,shp_1_39,6.263
3079,05:59:33,05:59:53,47,15,,0,0,17382.424,1,5,shp_1_39,9.680
3079,06:02:09,06:02:29,8,16,,0,0,18698.9,1,5,shp_1_39,8.381
3079,06:04:39,06:04:59,46,17,,0,0,19788.449,1,5,shp_1_39,10.605
3079,06:07:00,06:07:20,45,18,,0,0,21071.607,1,5,shp_1_39,8.891
3079,06:09:32,06:09:52,44,19,,0,0,22245.199,1,5,shp_1_39,0
4243,05:50:00,05:50:20,36,0,,0,0,0.0,1,6,shp_1_44,8.486
4243,05:52:31,05:52:51,37,1,,0,0,1111.605,1,6,shp_1_44,15.785
4243,05:55:47,05:56:07,38,2,,0,0,3889.762,1,6,shp_1_44,11.993
4243,05:58:13,05:58:33,39,3,,0,0,5400.863,1,6,shp_1_44,45.497
4243,06:00:46,06:01:06,40,4,,0,0,11451.982,1,6,shp_1_44,31.241
4243,06:03:21,06:03:41,41,5,,0,0,15669.532,1,6,shp_1_44,10.693
4243,06:05:54,06:06:14,42,6,,0,0,17091.699,1,6,shp_1_44,11.021
4243,06:08:18,06:08:38,43,7,,0,0,18458.332,1,6,shp_1_44,5.571
4243,06:10:34,06:10:54,44,8,,0,0,19104.512,1,6,shp_1_44,8.891
4243,06:13:06,06:13:26,45,9,,0,0,20278.104,1,6,shp_1_44,10.605
4243,06:15:27,06:15:47,46,10,,0,0,21561.262,1,6,shp_1_44,8.381
4243,06:17:57,06:18:17,8,11,,0,0,22650.811,1,6,shp_1_44,9.680
4243,06:20:33,06:20:53,47,12,,0,0,23967.287,1,6,shp_1_44,6.263
4243,06:23:05,06:23:25,48,13,,0,0,24794.0,1,6,shp_1_44,7.068
4243,06:25:10,06:25:30,49,14,,0,0,25536.137,1,6,shp_1_44,8.255
4243,06:28:00,06:28:20,50,15,,0,0,26774.316,1,6,shp_1_44,9.205
4243,06:30:33,06:30:53,51,16,,0,0,27998.609,1,6,shp_1_44,7.601
4243,06:32:42,06:33:02,52,17,,0,0,28827.09,1,6,shp_1_44,5.767
4243,06:34:34,06:34:54,53,18,,0,0,29357.646,1,6,shp_1_44,12.073
4243,06:37:05,06:37:25,54,19,,0,0,30939.154,1,6,shp_1_44,8.930
4243,06:39:33,06:39:53,55,20,,0,0,32082.172,1,6,shp_1_44,10.810
4243,06:42:01,06:42:21,56,21,,0,0,33465.84,1,6,shp_1_44,7.013
4243,06:44:14,06:44:34,57,22,,0,0,34258.355,1,6,shp_1_44,7.813
4243,06:46:34,06:46:54,58,23,,0,0,35195.871,1,6,shp_1_44,10.740
4243,06:49:38,06:49:58,59,24,,0,0,36957.246,1,6,shp_1_44,10.366
4243,06:52:44,06:53:04,60,25,,0,0,38677.98,1,6,shp_1_44,5.757
4243,06:56:11,06:56:31,61,26,,0,0,39754.605,1,6,shp_1_44,9.388
4243,06:59:21,06:59:41,62,27,,0,0,41350.629,1,6,shp_1_44,9.479
4243,07:01:59,07:02:19,63,28,,0,0,42658.676,1,6,shp_1_44,10.489
4243,07:04:50,07:05:10,64,29,,0,0,44242.516,1,6,shp_1_44,10.510
4243,07:07:17,07:07:37,65,30,,0,0,45577.223,1,6,shp_1_44,14.107
4243,07:10:51,07:11:11,66,31,,0,0,48313.965,1,6,shp_1_44,12.660
4243,07:14:27,07:14:47,67,32,,0,0,50795.242,1,6,shp_1_44,8.623
4243,07:16:33,07:16:53,68,33,,0,0,51709.301,1,6,shp_1_44,10.262
4243,07:19:00,07:19:20,69,34,,0,0,53012.555,1,6,shp_1_44,9.850
4243,07:21:40,07:22:00,70,35,,0,0,54391.605,1,6,shp_1_44,12.386
4243,07:24:00,07:24:20,71,36,,0,0,55877.938,1,6,shp_1_44,0
4793,06:00:00,06:00:20,121,0,,0,0,0.0,1,7,shp_1_13,9.426
4793,06:03:22,06:03:42,120,1,,0,0,1715.498,1,7,shp_1_13,8.828
4793,06:05:30,06:05:50,119,2,,0,0,2668.887,1,7,shp_1_13,9.051
4793,06:07:50,06:08:10,118,3,,0,0,3755.067,1,7,shp_1_13,9.254
4793,06:09:57,06:10:17,117,4,,0,0,4745.277,1,7,shp_1_13,8.898
4793,06:12:17,06:12:37,116,5,,0,0,5813.003,1,7,shp_1_13,8.811
4793,06:14:17,06:14:37,115,6,,0,0,6694.112,1,7,shp_1_13,9.041
4793,06:16:21,06:16:41,114,7,,0,0,7634.336,1,7,shp_1_13,10.686
4793,06:19:06,06:19:26,113,8,,0,0,9183.857,1,7,shp_1_13,0
5388,04:42:00,04:42:20,113,0,,0,0,0.0,1,8,shp_1_14,7.685
5388,04:45:15,04:45:35,112,1,,0,0,1344.875,1,8,shp_1_14,10.116
5388,04:47:30,04:47:50,111,2,,0,0,2508.248,1,8,shp_1_14,8.767
5388,04:49:50,04:50:10,110,3,,0,0,3560.346,1,8,shp_1_14,7.539
5388,04:51:55,04:52:15,109,4,,0,0,4351.988,1,8,shp_1_14,11.425
5388,04:54:32,04:54:52,108,5,,0,0,5917.171,1,8,shp_1_14,8.820
5388,04:56:37,04:56:57,107,6,,0,0,6843.314,1,8,shp_1_14,9.062
5388,04:58:51,04:59:11,106,7,,0,0,7876.339,1,8,shp_1_14,7.208
5388,05:00:52,05:01:12,105,8,,0,0,8604.361,1,8,shp_1_14,10.447
5388,05:02:54,05:03:14,104,9,,0,0,9669.996,1,8,shp_1_14,9.975
5388,05:05:08,05:05:28,103,10,,0,0,10807.161,1,8,shp_1_14,9.258
5388,05:07:13,05:07:33,102,11,,0,0,11779.229,1,8,shp_1_14,8.597
5388,05:09:33,05:09:53,101,12,,0,0,12810.826,1,8,shp_1_14,6.328
5388,05:11:52,05:12:12,100,13,,0,0,13563.897,1,8,shp_1_14,6.981
5388,05:14:18,05:14:38,99,14,,0,0,14443.529,1,8,shp_1_14,9.423
5388,05:16:55,05:17:15,98,15,,0,0,15734.445,1,8,shp_1_14,21.779
5388,05:19:07,05:19:27,97,16,,0,0,18173.707,1,8,shp_1_14,3.117
5388,05:21:25,05:21:45,96,17,,0,0,18541.479,1,8,shp_1_14,9.704
5388,05:23:43,05:24:03,95,18,,0,0,19686.584,1,8,shp_1_14,7.453
5388,05:25:56,05:26:16,94,19,,0,0,20528.805,1,8,shp_1_14,10.980
5388,05:28:32,05:28:52,50,20,,0,0,22022.133,1,8,shp_1_14,4.076
5388,05:31:22,05:31:42,93,21,,0,0,22633.492,1,8,shp_1_14,9.017
5388,05:33:37,05:33:57,92,22,,0,0,23670.406,1,8,shp_1_14,7.421
5388,05:35:57,05:36:17,91,23,,0,0,24560.896,1,8,shp_1_14,7.163
5388,05:38:07,05:38:27,90,24,,0,0,25348.822,1,8,shp_1_14,10.609
5388,05:41:21,05:41:41,89,25,,0,0,27194.793,1,8,shp_1_14,0
6491,05:51:29,05:51:49,89,0,,0,0,0.0,1,9,shp_1_56,8.365
6491,05:54:54,05:55:14,88,1,,0,0,1547.462,1,9,shp_1_56,11.793
6491,05:57:50,05:58:10,87,2,,0,0,3387.114,1,9,shp_1_56,10.004
6491,06:00:07,06:00:27,86,3,,0,0,4557.552,1,9,shp_1_56,9.218
6491,06:02:18,06:02:38,85,4,,0,0,5580.795,1,9,shp_1_56,10.200
6491,06:04:39,06:04:59,84,5,,0,0,6814.986,1,9,shp_1_56,9.434
6491,06:06:42,06:07:02,83,6,,0,0,7786.638,1,9,shp_1_56,9.816
6491,06:08:59,06:09:19,82,7,,0,0,8935.056,1,9,shp_1_56,10.145
6491,06:11:09,06:11:29,81,8,,0,0,10051.003,1,9,shp_1_56,11.005
6491,06:13:43,06:14:03,80,9,,0,0,11525.72,1,9,shp_1_56,10.715
6491,06:16:01,06:16:21,79,10,,0,0,12790.033,1,9,shp_1_56,7.849
6491,06:18:20,06:18:40,233,11,,0,0,13724.092,1,9,shp_1_56,9.752
6491,06:20:42,06:21:02,234,12,,0,0,14913.853,1,9,shp_1_56,9.847
6491,06:23:19,06:23:39,235,13,,0,0,16262.951,1,9,shp_1_56,11.457
6491,06:25:31,06:25:51,236,14,,0,0,17546.135,1,9,shp_1_56,7.165
6491,06:27:54,06:28:14,237,15,,0,0,18427.396,1,9,shp_1_56,9.747
6491,06:30:24,06:30:44,238,16,,0,0,19694.469,1,9,shp_1_56,0
6977,05:47:38,05:47:58,89,0,,0,0,0.0,1,10,shp_1_55,6.896
6977,05:50:48,05:51:08,78,1,,0,0,1172.341,1,10,shp_1_55,11.481
6977,05:53:08,05:53:28,77,2,,0,0,2550.019,1,10,shp_1_55,8.330
6977,05:55:13,05:55:33,76,3,,0,0,3424.719,1,10,shp_1_55,9.574
6977,05:57:38,05:57:58,75,4,,0,0,4621.446,1,10,shp_1_55,10.162
6977,05:59:51,06:00:11,74,5,,0,0,5769.742,1,10,shp_1_55,5.636
6977,06:02:07,06:02:27,73,6,,0,0,6423.563,1,10,shp_1_55,11.731
6977,06:05:02,06:05:22,72,7,,0,0,8241.9,1,10,shp_1_55,0
7525,06:00:00,06:00:20,121,0,,0,0,0.0,1,11,shp_1_27,9.426
7525,06:03:22,06:03:42,120,1,,0,0,1715.498,1,11,shp_1_27,8.828
7525,06:05:30,06:05:50,119,2,,0,0,2668.887,1,11,shp_1_27,9.051
7525,06:07:50,06:08:10,118,3,,0,0,3755.067,1,11,shp_1_27,9.254
7525,06:09:57,06:10:17,117,4,,0,0,4745.277,1,11,shp_1_27,8.898
7525,06:12:17,06:12:37,116,5,,0,0,5813.003,1,11,shp_1_27,8.811
7525,06:14:17,06:14:37,115,6,,0,0,6694.112,1,11,shp_1_27,9.041
7525,06:16:21,06:16:41,114,7,,0,0,7634.336,1,11,shp_1_27,10.686
7525,06:19:06,06:19:26,113,8,,0,0,9183.857,1,11,shp_1_27,7.685
7525,06:22:21,06:22:41,112,9,,0,0,10528.73,1,11,shp_1_27,10.116
7525,06:24:36,06:24:56,111,10,,0,0,11692.103,1,11,shp_1_27,8.767
7525,06:26:56,06:27:16,110,11,,0,0,12744.2,1,11,shp_1_27,7.539
7525,06:29:01,06:29:21,109,12,,0,0,13535.843,1,11,shp_1_27,11.425
7525,06:31:38,06:31:58,108,13,,0,0,15101.026,1,11,shp_1_27,8.820
7525,06:33:43,06:34:03,107,14,,0,0,16027.171,1,11,shp_1_27,9.062
7525,06:35:57,06:36:17,106,15,,0,0,17060.197,1,11,shp_1_27,7.208
7525,06:37:58,06:38:18,105,16,,0,0,17788.221,1,11,shp_1_27,10.447
7525,06:40:00,06:40:20,104,17,,0,0,18853.855,1,11,shp_1_27,9.975
7525,06:42:14,06:42:34,103,18,,0,0,19991.02,1,11,shp_1_27,9.258
7525,06:44:19,06:44:39,102,19,,0,0,20963.088,1,11,shp_1_27,8.597
7525,06:46:39,06:46:59,101,20,,0,0,21994.688,1,11,shp_1_27,6.328
7525,06:48:58,06:49:18,100,21,,0,0,22747.76,1,11,shp_1_27,6.981
7525,06:51:24,06:51:44,99,22,,0,0,23627.391,1,11,shp_1_27,9.423
7525,06:54:01,06:54:21,98,23,,0,0,24918.307,1,11,shp_1_27,21.779
7525,06:56:13,06:56:33,97,24,,0,0,27357.568,1,11,shp_1_27,3.117
7525,06:58:31,06:58:51,96,25,,0,0,27725.34,1,11,shp_1_27,9.704
7525,07:00:49,07:01:09,95,26,,0,0,28870.445,1,11,shp_1_27,7.453
7525,07:03:02,07:03:22,94,27,,0,0,29712.666,1,11,shp_1_27,10.980
7525,07:05:38,07:05:58,50,28,,0,0,31205.994,1,11,shp_1_27,4.076
7525,07:08:28,07:08:48,93,29,,0,0,31817.354,1,11,shp_1_27,9.017
7525,07:10:43,07:11:03,92,30,,0,0,32854.266,1,11,shp_1_27,7.421
7525,07:13:03,07:13:23,91,31,,0,0,33744.758,1,11,shp_1_27,7.163
7525,07:15:13,07:15:33,90,32,,0,0,34532.684,1,11,shp_1_27,10.609
7525,07:18:27,07:18:47,89,33,,0,0,36378.66,1,11,shp_1_27,8.365
7525,07:21:52,07:22:12,88,34,,0,0,37926.129,1,11,shp_1_27,11.793
7525,07:24:48,07:25:08,87,35,,0,0,39765.781,1,11,shp_1_27,10.004
7525,07:27:05,07:27:25,86,36,,0,0,40936.219,1,11,shp_1_27,9.218
7525,07:29:16,07:29:36,85,37,,0,0,41959.457,1,11,shp_1_27,10.200
7525,07:31:37,07:31:57,84,38,,0,0,43193.652,1,11,shp_1_27,9.433
7525,07:33:40,07:34:00,83,39,,0,0,44165.301,1,11,shp_1_27,9.816
7525,07:35:57,07:36:17,82,40,,0,0,45313.719,1,11,shp_1_27,10.145
7525,07:38:07,07:38:27,81,41,,0,0,46429.664,1,11,shp_1_27,11.005
7525,07:40:41,07:41:01,80,42,,0,0,47904.379,1,11,shp_1_27,10.715
7525,07:42:59,07:43:19,79,43,,0,0,49168.691,1,11,shp_1_27,7.849
7525,07:45:18,07:45:38,233,44,,0,0,50102.746,1,11,shp_1_27,9.752
7525,07:47:40,07:48:00,234,45,,0,0,51292.508,1,11,shp_1_27,9.848
7525,07:50:17,07:50:37,235,46,,0,0,52641.617,1,11,shp_1_27,11.457
7525,07:52:29,07:52:49,236,47,,0,0,53924.801,1,11,shp_1_27,7.165
7525,07:54:52,07:55:12,237,48,,0,0,54806.066,1,11,shp_1_27,9.747
7525,07:57:22,07:57:42,238,49,,0,0,56073.137,1,11,shp_1_27,9.455
7525,08:34:07,08:34:27,78,50,,0,0,76732.5,1,11,shp_1_27,11.481
7525,08:36:27,08:36:47,77,51,,0,0,78110.18,1,11,shp_1_27,8.330
7525,08:38:32,08:38:52,76,52,,0,0,78984.875,1,11,shp_1_27,9.574
7525,08:40:57,08:41:17,75,53,,0,0,80181.594,1,11,shp_1_27,10.162
7525,08:43:10,08:43:30,74,54,,0,0,81329.906,1,11,shp_1_27,5.636
7525,08:45:26,08:45:46,73,55,,0,0,81983.727,1,11,shp_1_27,11.731
7525,08:48:21,08:48:41,72,56,,0,0,83802.07,1,11,shp_1_27,0
8033,06:00:00,06:00:20,121,0,,0,0,0.0,1,12,shp_1_19,9.426
8033,06:03:22,06:03:42,120,1,,0,0,1715.498,1,12,shp_1_19,8.828
8033,06:05:30,06:05:50,119,2,,0,0,2668.887,1,12,shp_1_19,9.051
8033,06:07:50,06:08:10,118,3,,0,0,3755.067,1,12,shp_1_19,9.254
8033,06:09:57,06:10:17,117,4,,0,0,4745.277,1,12,shp_1_19,8.898
8033,06:12:17,06:12:37,116,5,,0,0,5813.003,1,12,shp_1_19,8.811
8033,06:14:17,06:14:37,115,6,,0,0,6694.112,1,12,shp_1_19,9.041
8033,06:16:21,06:16:41,114,7,,0,0,7634.336,1,12,shp_1_19,10.686
8033,06:19:06,06:19:26,113,8,,0,0,9183.857,1,12,shp_1_19,7.685
8033,06:22:21,06:22:41,112,9,,0,0,10528.73,1,12,shp_1_19,10.116
8033,06:24:36,06:24:56,111,10,,0,0,11692.103,1,12,shp_1_19,8.767
8033,06:26:56,06:27:16,110,11,,0,0,12744.2,1,12,shp_1_19,7.539
8033,06:29:01,06:29:21,109,12,,0,0,13535.843,1,12,shp_1_19,11.425
8033,06:31:38,06:31:58,108,13,,0,0,15101.026,1,12,shp_1_19,8.820
8033,06:33:43,06:34:03,107,14,,0,0,16027.171,1,12,shp_1_19,9.062
8033,06:35:57,06:36:17,106,15,,0,0,17060.197,1,12,shp_1_19,7.208
8033,06:37:58,06:38:18,105,16,,0,0,17788.221,1,12,shp_1_19,10.447
8033,06:40:00,06:40:20,104,17,,0,0,18853.855,1,12,shp_1_19,9.975
8033,06:42:14,06:42:34,103,18,,0,0,19991.02,1,12,shp_1_19,9.258
8033,06:44:19,06:44:39,102,19,,0,0,20963.088,1,12,shp_1_19,8.597
8033,06:46:39,06:46:59,101,20,,0,0,21994.688,1,12,shp_1_19,6.328
8033,06:48:58,06:49:18,100,21,,0,0,22747.76,1,12,shp_1_19,6.981
8033,06:51:24,06:51:44,99,22,,0,0,23627.391,1,12,shp_1_19,9.423
8033,06:54:01,06:54:21,98,23,,0,0,24918.307,1,12,shp_1_19,21.779
8033,06:56:13,06:56:33,97,24,,0,0,27357.568,1,12,shp_1_19,3.117
8033,06:58:31,06:58:51,96,25,,0,0,27725.34,1,12,shp_1_19,9.704
8033,07:00:49,07:01:09,95,26,,0,0,28870.445,1,12,shp_1_19,7.453
8033,07:03:02,07:03:22,94,27,,0,0,29712.666,1,12,shp_1_19,10.980
8033,07:05:38,07:05:58,50,28,,0,0,31205.994,1,12,shp_1_19,4.076
8033,07:08:28,07:08:48,93,29,,0,0,31817.354,1,12,shp_1_19,9.017
8033,07:10:43,07:11:03,92,30,,0,0,32854.266,1,12,shp_1_19,7.421
8033,07:13:03,07:13:23,91,31,,0,0,33744.758,1,12,shp_1_19,7.163
8033,07:15:13,07:15:33,90,32,,0,0,34532.684,1,12,shp_1_19,10.609
8033,07:18:27,07:18:47,89,33,,0,0,36378.66,1,12,shp_1_19,8.365
8033,07:21:52,07:22:12,88,34,,0,0,37926.129,1,12,shp_1_19,11.793
8033,07:24:48,07:25:08,87,35,,0,0,39765.781,1,12,shp_1_19,10.004
8033,07:27:05,07:27:25,86,36,,0,0,40936.219,1,12,shp_1_19,9.218
8033,07:29:16,07:29:36,85,37,,0,0,41959.457,1,12,shp_1_19,10.200
8033,07:31:37,07:31:57,84,38,,0,0,43193.652,1,12,shp_1_19,9.433
8033,07:33:40,07:34:00,83,39,,0,0,44165.301,1,12,shp_1_19,9.816
8033,07:35:57,07:36:17,82,40,,0,0,45313.719,1,12,shp_1_19,10.145
8033,07:38:07,07:38:27,81,41,,0,0,46429.664,1,12,shp_1_19,11.005
8033,07:40:41,07:41:01,80,42,,0,0,47904.379,1,12,shp_1_19,10.715
8033,07:42:59,07:43:19,79,43,,0,0,49168.691,1,12,shp_1_19,7.849
8033,07:45:18,07:45:38,233,44,,0,0,50102.746,1,12,shp_1_19,9.752
8033,07:47:40,07:48:00,234,45,,0,0,51292.508,1,12,shp_1_19,9.848
8033,07:50:17,07:50:37,235,46,,0,0,52641.617,1,12,shp_1_19,11.457
8033,07:52:29,07:52:49,236,47,,0,0,53924.801,1,12,shp_1_19,7.165
8033,07:54:52,07:55:12,237,48,,0,0,54806.066,1,12,shp_1_19,9.747
8033,07:57:22,07:57:42,238,49,,0,0,56073.137,1,12,shp_1_19,0
8532,05:10:00,05:10:20,22,0,,0,0,0.0,1,13,shp_1_32,12.741
8532,05:12:20,05:12:40,23,1,,0,0,1528.919,1,13,shp_1_32,9.313
8532,05:14:49,05:15:09,24,2,,0,0,2730.287,1,13,shp_1_32,7.552
8532,05:16:59,05:17:19,25,3,,0,0,3561.018,1,13,shp_1_32,8.672
8532,05:19:04,05:19:24,26,4,,0,0,4471.601,1,13,shp_1_32,4.871
8532,05:20:59,05:21:19,27,5,,0,0,4934.349,1,13,shp_1_32,11.952
8532,05:23:14,05:23:34,28,6,,0,0,6308.804,1,13,shp_1_32,8.186
8532,05:25:29,05:25:49,29,7,,0,0,7250.227,1,13,shp_1_32,12.414
8532,05:27:09,05:27:29,30,8,,0,0,8243.317,1,13,shp_1_32,4.155
8532,05:29:29,05:29:49,31,9,,0,0,8741.908,1,13,shp_1_32,9.841
8532,05:31:39,05:31:59,32,10,,0,0,9824.456,1,13,shp_1_32,12.616
8532,05:34:19,05:34:39,33,11,,0,0,11590.717,1,13,shp_1_32,7.268
8532,05:36:44,05:37:04,34,12,,0,0,12499.271,1,13,shp_1_32,0
9203,06:00:00,06:00:20,100,0,,0,0,0.0,1,14,shp_1_22,11.389
9203,06:02:00,06:02:20,35,1,,0,0,1138.856,1,14,shp_1_22,10.761
9203,06:05:25,06:05:45,34,2,,0,0,3129.73,1,14,shp_1_22,0
9533,06:00:00,06:00:20,13,0,,0,0,0.0,1,15,shp_1_18,10.732
9533,06:02:50,06:03:10,34,1,,0,0,1609.765,1,15,shp_1_18,0
